980
130
951
778
246
347
157
17
674
12
553
37
18025.2
16008.5
10248
9147.92
0
146.373
185.622
587
428
219
706
16845.9
17933.5
5865.27
8760.9
805
747
216
180
27070.6
23975.8
10431.6
10636.8
306.408
252.262
155.135
314
504
730
867
16081.1
17549.2
6662.59
7355.25
285
578
923
949
24317.2
20625.1
8511.25
11841.1
197.05
137.692
109.11
16
735
335
584
15406.2
14884.6
10575
9505.35
975
581
580
342
22866.5
26828.8
8024.38
7763.62
269.958
192.878
105.576
681
456
974
604
13314.1
16162.8
8087.46
7167.82
420
104
208
8
16836.3
21939.2
6731.27
7044.14
194.475
125.006
92.2401
664
436
273
597
11969.1
16407.1
8012.65
7249.67
339
365
374
384
22152.5
22636.1
10369.1
9891.38
291.742
239.105
110.495
867
974
766
428
17726.6
22925.2
11241
7959.3
591
990
138
283
29337.6
34639.6
11327
9534.54
257.046
205.86
98.9918
260
768
2
635
20364.4
19042.5
8566.07
7889.67
756
407
121
418
274
95
185
702
430
423
778
459
26368
21341.9
9672.78
9113.64
221.642
159.944
128.978
26
230
986
663
15050.7
17245.9
7762.62
8268.37
258
771
296
824
22047.3
24786.5
9250.41
11136.2
222.633
112.13
186.842
29550.9
24064
4827.49
5074.25
86.3333
65.566
47.191
12926.2
15146.7
5172.54
5365.9
16524.8
15645.9
6658.28
4358.14
13671.1
13618.8
4459.13
5143.76
19347.2
14952.2
4548.5
4058.64
33854.6
20966.4
5205.74
4709.55
89.3125
65.5486
52.9201
15388.4
11186.5
4433.86
5183
18274.1
13507.2
5027.66
6637.78
21684.3
16645.3
2736.96
2706.46
22021.7
31209.2
3862.68
3056.01
40.9375
35.0486
19.0451
14878.8
14087.6
4356.07
5193.88
18835.6
19527.8
4689.31
5932
19883
19458.1
3650.33
3824.02
13203.9
29297.8
3202.93
5682.62
142.354
85.4687
103.16
10553.2
15183.8
4679.38
3998.6
13287.8
18835.6
3798.2
5995.59
9710.93
14931.6
3656.12
4992.79
13898
19635.2
3922.23
3545.74
98.4375
62.4236
69.2535
8377.6
13576.7
4844.61
3552.07
10244.3
18999.5
4688.27
3276.67
8322.13
11461.3
5102.49
3452.92
18486
24206.2
5310.66
4807.94
197.812
124.392
130.847
13410.3
15412.4
5085.96
4974.3
17725.2
13324.8
5639.98
6298.54
21566.2
8888.18
9101.89
10805.3
21508.6
14833.8
6220.26
4528.12
978
137
334
20
32603
23617.4
14116.6
10077.5
300.642
215.854
192.517
816
561
237
901
14403.7
12238.2
6373.15
5724.82
35933.9
22619
13518.6
12135.2
334.8
236.508
250.635
640
860
604
595
768
582
84
103
18334.6
13195
7797.54
8126.89
27369.2
15957.3
6477.22
5965.69
172.292
113.997
111.017
13510.8
10622.9
4560.41
4470.43
13168.7
17271.1
5891.32
4543.23
9881.24
10202.7
4697.09
5202.73
18025.2
18696.5
4639.99
3412.52
105.646
79.6528
58.6562
8422.58
10650.7
3722.49
3834.5
10378
18808.9
4471.65
4578.47
12226.1
20819.2
2753.09
4180.78
28640.7
22414.2
4175.07
5396.15
72.7708
51.3056
57.7535
9877.87
11183.6
3471.16
3376.85
12765.9
15196.4
3472.12
3925.15
16849.4
19084.1
2169.16
4983.19
30250.7
23719.8
4636.82
2315.04
107.479
70.3819
69.934
13017.4
13744.2
2925.15
3133.43
13684.3
10055.1
2219.2
3202.84
20888.5
20722.8
3097.09
4742.37
22667.4
20696.2
5664.65
4447.94
165.083
106.115
112.747
15666.3
14403.2
3380.74
3252.37
12275.2
17064.5
3568.26
3297.06
14352
17347.9
3669.71
4845.02
13090.8
11354.5
4276.29
3693.83
14384.4
13284.3
4314.9
5431.61
19356.4
17041.1
4680.91
3567.3
144.75
95.0868
98.3924
15908.3
17012.6
4964.14
3520.58
664
400
25
716
505
467
488
94
19713.8
16030.2
9422.53
10007.7
15572.1
12470.6
5263.09
5253.55
22902.8
11910.4
5442.42
4714.55
26146.1
16085.3
10216.4
12428.7
225.679
112.609
188.417
24709.7
17226
6795.36
9735.29
237.571
153.096
170.67
999
937
806
487
31
514
87
753
16886.8
16155.4
7871.22
6619.04
16262.4
8464
6515.92
5201.48
13948.1
7876.98
5296.27
3705.83
13850.3
9265.78
4042.06
3079.92
29937.8
11460.3
6646.01
5901.61
171.479
106.497
122.924
11394.5
11727.1
3730.3
3332.01
11960.2
12445.2
6232.21
4204.54
18785.4
20496.4
4613.57
4551.3
20514.1
14119.8
6227.74
3852.52
166.458
120.135
109.413
13939.6
14689.4
2915.77
3338.56
16709.3
18738.8
4656
3512.67
22432
12923
3188.33
4844.76
29053.2
14520.9
4186.59
3782.96
149.542
102.625
89.6597
14888.7
10133.2
2870.62
3306.63
21033.2
13864.9
3192.67
3357.13
17996.1
11525.3
2907.43
5083.08
30890.7
12108.8
5138.92
3624.44
71.0625
47.559
49.2014
12866.1
8012.98
3807.32
3246.81
16417.1
13130.7
4133.12
3796.5
15828.3
13290.3
4392.95
3386.14
27835.7
21262.2
7164.57
5565.38
119.708
96.8681
72.7222
17742.6
16945.1
3630.69
2837.97
10782.4
12203.4
3363.72
3521.75
19062
20437.3
4531.4
5509.94
24994.1
21407.3
6452.61
4896.68
146.479
101.094
86.1181
23299.6
21522.1
4420.11
4997.26
947
644
558
630
25218.8
25119.3
11822.3
10877.1
368.25
170.375
271.422
14455.3
13156.1
3677.64
4896.9
24810
14094.6
9160.61
10210.9
880
177
680
29
20400.4
14663.1
9840.5
9181.63
274.692
192.963
218.553
445
585
414
3
215
90
937
890
16625.8
16458.7
7523.49
8458.99
16381.5
20334.2
5630.1
5427.2
12467.9
9904
4616.36
3690.68
11806.6
10346.3
4880.28
3518.53
18762
8251.73
7087.54
5799.54
157.937
108.545
98.6319
13909
15638.4
3008.99
4377.92
14705.4
15090.8
3487.31
3846.34
17811.9
8496.36
4987.92
3699.79
126.104
98.2187
77.9514
8506.13
8558.76
3684.75
3177.8
17596.8
14924.8
1469.2
3229.21
14915.2
13437.2
2688.94
5135.85
20414.6
16008.5
2982.9
4136.81
87.8542
65.5174
62.8819
13569.8
11557.3
2528.42
2515.64
19288.5
19566.2
3015.08
2721.82
17685
12469.3
3947.04
5822.04
24755.2
18378
2302.96
2263.59
29.75
21.7639
11.6528
14129.4
9697.96
2473.86
3716.11
20624.4
16621.2
4609.15
2132.82
15398.8
8363.02
4879.47
2242.11
27576.9
23549.2
3644.74
2807.29
71.0625
49.4514
39.684
14681.1
10620.4
2931.38
3487.18
17892.6
19412.3
4161.58
4481.74
13796.3
15366
5124.16
2160.96
19831.5
23498
5286
4805.51
135.896
85.2187
90.3819
14301.9
13347.6
3151.94
3203.21
205
206
233
201
19502.2
20973.2
5236.84
4535.91
21726.9
22622.2
6990.3
6577.7
323
454
818
997
11258.3
23950.2
13258.5
12858.1
246.883
135.56
216.486
12352.9
17251
4250.61
5061.07
27539.9
24732.4
13975.1
8562.67
284.658
212.613
179.242
313
218
945
236
896
0
965
841
17274
19000.5
10868.1
9066.64
10655.1
15929.8
4576.73
4228.71
11991.1
21058.1
4346.65
4454.19
19777.4
25582.9
5621.17
4237.56
152.354
104.399
92.7083
9976.18
19721.2
4319.02
5120.91
12257.8
17301.7
3526.27
3885.26
25383.8
18028.1
4544.06
4380.38
134.625
79.8542
90.6875
10448.7
11746.1
3788.78
2616.49
10926.6
10282.1
2713.54
2536.07
14541.5
19293.5
3672.1
3588.16
11445.7
15336.5
2784.43
5501.78
17681.1
25784.9
4738.58
2789.27
94.0208
78.8403
46.8854
10715.9
12417.4
2430.77
2603.26
23731.2
27938.1
7518.88
7091.29
206.117
146.596
130.033
443
773
683
690
84
694
101
73
16515.6
14442
7840.94
7590.37
11440
15245.2
5520.93
4271.04
12221.9
18982.8
2967.95
4834.7
24991.3
26240
4148.28
3654.6
79.7917
62.2361
50.2153
15020.8
13811.2
6767.31
4469.48
14459
21054.6
2866.36
3755.65
27750.4
26399.3
5004.5
5394.14
124.729
77.8819
92.6007
9121.6
15086.6
3837.22
2793.89
18591.6
19402
3864.54
3461.45
21664.7
19654.8
5023.36
3527.26
23534.9
30885
5501.2
3505.35
145.458
94.8507
95.1771
13639.1
18269.2
4157.69
4488.59
11428.3
13708.6
3600.85
2499.99
22053
28905.2
68979.1
16212.6
728.533
600.418
609.987
174
284
54
762
790
961
411
630
365
965
826
672
318
356
266
455
13905.4
17665.1
8902.99
9030.84
747
134
254
777
16157.2
19127.8
40787
15087.3
14727.6
13023.8
13890.3
7552.82
875
457
432
666
15386
14961.4
11844.9
4846.22
30899.2
14922
42965.1
12005.6
426.65
524.391
327.263
22918.8
24129.1
10275.3
7158.64
468
923
447
245
25574.8
21326.9
19317.7
21415.7
27548.4
18286.9
74892.5
14168
589.396
986.287
395.193
14973.7
13528.4
13451.7
5898.22
823
390
989
982
22010.7
22922.3
32343
11592.3
984
129
0
177
16045.9
16311.5
13054.8
7104.06
384
358
281
443
34343.8
22388.6
53201.3
17491.5
987.133
588.417
734.325
17457.6
16130.3
16828.1
5836.51
17557.3
19232.4
3168.6
5443.94
14699
26145.1
4004.03
1978.97
25972.6
24248.9
3848.71
1873.56
60.1667
48.059
37.2257
11417.4
15306.3
3108.25
4075.03
13584
18188.4
5125.61
2477.93
9092.44
15807.5
3053.27
4534.66
18779
24541.9
5589.63
2765.06
116.062
78.7187
67.0833
14382.2
20773.7
4380.83
5470.32
979
880
314
847
15449.2
24108.4
43217.2
17461.9
12214.6
15056.9
13806.4
7203.69
22579.2
27747.6
75314.9
16456.1
1067.23
924.022
731.845
510
614
30
233
10765.2
24426.7
14996.7
7517.76
16570
11649.1
3907.6
4192.01
21171.6
22536.5
6037.99
2815.49
32714
27047.8
5580.04
4121.63
145.604
89.0139
99.6354
15755.2
15492.6
3808.02
3674.59
15653.3
15208.9
4702.8
4543.63
20414.2
21970.1
7266.67
3980.03
27440.4
22391.5
6758.16
4175.22
106.917
83.1736
58.8403
14537.4
11443.9
4318.94
3434.37
856
233
605
823
21456.4
21582.6
8477.76
7249.34
19417.2
23722
5875.82
3998.03
192
85
700
460
20042
20497.1
13007.4
12327.3
267.308
155.473
236.24
13304.9
17974.6
4382.88
4779.27
16034.8
14775.1
3010.24
3431.26
14745.2
16759.3
3698.47
4110.83
18403.6
26177.4
5836.78
5110.63
131.167
102.774
85.0937
23309.2
13646.2
3533.6
5889.43
11308.8
15185.8
56527.6
11453.9
10110.2
12556.4
9449.47
5110.32
417
423
106
588
16391.1
11568.4
11787.4
6458.26
987
388
561
384
23893.3
18466.1
16373
10654.7
524.975
391.667
360.734
17165.9
15124.3
3289.83
3317.36
15571.6
13775.1
4085.74
3795.39
24581.7
20076.1
4666.09
3671.95
121.083
70.8819
85.0833
14040.5
18883.6
4369.55
4829.06
555
663
395
468
21163
18804.6
6665.78
6871.76
12842.1
13385.6
4695.48
4523.62
22493.9
18833.1
9596.02
9108.71
222.008
121.179
160.821
15925.3
15808.7
5300.22
5210.28
776
26
510
333
986
872
9
346
14266.3
10036.6
20499.7
16198.1
11286.2
7244.62
10495.3
5688.86
11103.3
14509.9
12518
7737.06
725
419
948
750
33769.2
25139.2
25107.7
24101.3
1346.11
736.158
986.854
249
483
993
935
822
217
944
168
996
968
261
243
391
998
686
653
128
24
701
709
14559.6
11032.7
9466.9
7923.77
22238.9
12092.1
15129.2
11683.3
23773.9
20366.2
36548.1
19823.8
735.429
302.242
607.907
20822.8
0
0
0
