0
0
0
-180
-937
956
0
937
0
0
0
0
-370
-937
-693
0
937
-180
-586
-1460
-454
693
-2270
155
0
-2320
-84
-498
-870
-506
49
-882
0
-324
527
-418
-943
1467
-686
522
383
-596
-857
735
234
479
-1909
-30
-2438
1279
-345
179
-274
1733
-530
-957
-744
-9
765
1989
94
-635
1391
268
-406
-653
157
-1220
485
1304
1138
-1866
-648
140
2105
-813
-685
-836
-223
1563
760
-2981
-810
-636
-2093
-106
1027
-2491
-1467
-504
113
-788
-774
247
-1350
-762
55
541
-1140
-570
-1442
1031
1701
-1577
-2869
919
-451
1524
29
-885
-1479
549
1761
-2267
-477
-898
1049
2235
1436
-1855
2519
1380
-1504
98
-75
-847
-920
373
1746
-619
-2072
1750
-656
3430
175
-1117
2711
-2060
-2555
272
2486
-2169
-1254
-3981
-702
778
-2671
308
-179
1242
-2183
908
-1058
813
2926
-1571
-44
-128
-675
980
783
1588
-33
719
3166
313
577
449
-29
21
1920
-1642
-1959
1531
968
91
-1190
4011
-329
-2661
-705
1429
-928
-1995
1003
3248
-341
-1963
406
-2613
1294
3653
248
-2116
1423
2790
-783
-2314
-256
1374
-579
1095
1439
2312
-1779
2601
-698
-1230
-531
-2514
405
3078
456
-2061
-1680
373
-3159
1095
-716
29
-812
187
-3413
-2081
1335
-1427
598
711
-787
-3565
2870
2339
-928
-2275
37
2565
-591
472
55
638
-4563
-193
917
-263
-677
-696
-723
1721
-49
-2207
2782
241
-1138
1512
1058
-827
1323
-1565
541
-1438
-1079
2086
2403
-1123
184
283
2364
1327
860
-1886
1694
-2839
-844
2679
331
1974
1234
-2287
-614
-2765
3644
-563
3011
3220
-2575
2944
-736
-2760
-4774
-1210
2783
1106
380
-358
-3026
1231
1795
2228
-2800
-1225
3939
-801
-108
-3834
-3926
1288
-27
3567
635
1708
1502
1352
1242
-2281
-2489
1395
-3573
-1508
1180
4394
-910
2260
1730
-3413
-1633
514
-5300
-2952
-374
-3406
2944
-527
1127
-1492
1307
-1457
-436
1159
-448
496
1561
-789
3160
559
-1046
2375
-2428
786
-4094
-130
2790
52
3510
-73
-4975
2209
600
3576
-147
-786
541
535
2415
-3438
1010
1360
5329
2250
-2773
1202
-1123
504
-340
2858
-1666
-5096
1263
-3531
1245
1590
1270
1776
-4158
-122
-1401
2803
-1948
-1254
-2766
3116
-2241
4483
-3152
-304
3173
-323
-2987
-563
2511
-1991
-1091
-3075
45
-3211
-2295
-1448
-3626
-1113
-3882
4638
5611
-1795
-1884
-2343
4079
-2853
-2125
815
-375
-1620
-5068
-633
-1751
-4841
-6448
-619
4739
-1956
2241
-1105
-1216
-2464
-534
7339
-1468
-1336
1197
738
1974
3794
2156
-2336
1290
5957
-3337
71
2420
2225
3333
-3039
4718
-5012
-4091
-2461
299
-1569
219
-906
-2060
1243
-3434
1374
7017
4204
8819
-1303
-2644
1036
-3510
4057
-654
2632
-2290
2554
1385
-1800
-6606
-604
1552
2945
-3018
-5044
-1098
1588
2887
678
1664
126
3616
5151
1830
-104
-5126
-4406
3604
-2555
3321
1601
862
3296
-1872
-3212
-2086
6018
-2126
-1813
-1858
-2363
2925
-89
1183
1502
252
1333
541
-1042
-7087
-6951
-2990
-330
-5605
-3697
-233
-4353
-1699
-3381
2191
-5435
3397
-1297
-5224
-469
-539
3592
1526
-1411
2125
2742
-1158
22
-2150
-3210
-2998
10088
-2606
2856
301
-3294
-2345
10452
3131
-4174
-3598
448
-792
1211
411
-2441
5285
1419
-28
2759
-5889
-874
7117
-2471
2739
-2814
-340
1309
1559
478
5458
1196
4015
2490
4026
-4148
-1989
-2460
-635
-2007
-69
1344
2984
3392
2489
782
101
-629
-2654
-2070
938
2754
-128
-1498
931
7707
-971
-6914
4114
899
3461
-916
-3270
1119
-3043
-5922
-2230
-523
855
-2443
-8779
-878
-10553
-7373
4701
2956
323
-7880
2924
1164
-3469
2558
-1341
-570
-1211
2541
2580
653
-5292
3839
-5604
2086
-352
-4339
-2991
2085
-3766
-269
576
-3190
2259
5260
-2280
4942
-3478
763
-2472
305
-8187
698
4189
3638
367
339
-299
1439
5823
163
-2076
385
3124
-3082
-1422
-911
8813
-3569
-1774
2997
-2570
-1820
2071
4273
-3627
-6484
-1217
-1154
-180
102
82
2204
3129
274
2930
-4438
-539
5815
-846
1032
-2917
1531
-1974
1140
-2124
2302
-6049
3003
4233
-2228
1171
4800
4264
-1252
3925
670
-2088
2175
-2438
-6021
672
138
1543
-3184
4246
1455
-3720
307
6357
-6516
339
1278
-2445
5898
-632
-4683
-4849
1323
-959
-3200
-695
-2737
622
6413
-1319
-899
352
-3007
-2182
6630
-3073
-3167
6522
-3435
-2553
1801
-4738
693
-1611
2222
-1976
2713
4763
3098
-1634
-1261
862
6829
15
228
1112
-7917
-974
1393
-5242
-2637
814
-1896
518
2162
7200
-2496
-6080
1714
-2458
5783
-4205
2012
2129
-2150
-1757
2536
855
-564
1397
88
3994
-3423
5393
-1651
25
2779
-4354
1074
-2198
-4232
-2244
-816
2801
3300
