57
697
872
491
177
677
74
860
48
455
135
959
295
232
766
395
758
97
28
577
48
421
384
76
664
790
673
372
923
789
45
332
839
269
824
16
298
898
877
347
353
364
658
1
949
424
748
707
873
128
284
922
550
20
350
214
811
375
939
86
165
336
418
356
957
242
372
255
140
601
954
846
966
964
847
915
740
595
622
614
723
258
888
625
630
238
192
793
966
131
879
483
819
298
839
776
540
211
383
33
165
338
879
483
654
726
398
395
673
372
9
748
982
249
374
612
839
566
758
805
49
637
288
868
935
127
996
476
691
379
509
856
69
740
691
724
466
441
119
491
813
480
239
147
729
613
111
920
531
869
726
580
507
14
800
794
142
148
622
185
880
483
393
301
223
84
25
689
525
496
532
690
328
772
189
409
737
300
330
621
522
56
553
29
422
354
175
916
854
798
101
734
281
494
36
505
578
413
546
455
262
79
145
942
851
334
704
940
987
34
561
509
442
115
890
864
821
65
133
27
863
234
114
145
729
150
650
659
915
196
115
529
275
612
472
478
947
528
771
934
562
684
795
356
151
685
572
972
750
705
352
614
940
466
759
21
968
409
680
235
957
147
765
585
760
589
415
59
117
186
345
31
871
140
739
22
825
311
347
575
369
699
189
309
517
300
682
485
61
714
720
19
862
485
604
974
426
19
385
543
558
730
926
781
870
665
803
47
977
502
974
698
553
164
7
70
816
41
555
878
755
276
897
969
113
853
295
892
224
680
787
782
410
714
563
632
379
719
31
708
221
6
406
775
522
765
845
338
158
753
216
914
381
465
235
846
670
531
738
895
211
526
29
974
592
593
958
323
664
342
32
885
348
790
12
222
908
210
560
418
963
129
332
696
946
920
542
617
451
281
512
14
159
541
340
751
486
651
74
150
993
458
388
693
601
400
915
509
610
827
279
925
956
612
621
255
884
164
872
335
797
736
701
956
277
42
707
116
45
781
266
38
240
654
731
193
407
998
54
369
825
333
295
134
945
268
389
829
784
261
516
581
997
570
537
626
964
596
94
9
730
361
399
322
367
482
515
126
480
569
496
305
902
143
439
200
411
828
381
196
441
898
129
790
468
19
417
784
615
511
793
697
224
192
