752
389
796
195
502
349
73
823
397
879
650
540
700
21
265
752
369
378
114
792
744
220
713
832
310
813
839
282
443
860
251
548
602
399
743
104
749
168
928
498
399
930
38
451
304
303
203
673
33
670
817
129
890
530
961
553
695
152
835
491
365
438
39
967
837
134
71
938
655
999
436
54
930
826
858
234
482
413
259
515
83
76
997
974
959
958
527
654
463
714
145
828
504
184
795
341
319
218
632
974
218
420
380
500
599
238
86
81
652
345
948
87
773
945
61
732
256
940
739
71
6
884
899
510
421
46
204
92
264
836
418
834
608
150
334
207
741
420
288
393
117
589
832
891
886
246
975
494
186
714
565
545
951
464
55
724
862
259
816
479
447
586
313
56
736
648
263
477
420
904
222
538
493
55
781
731
301
756
226
839
471
791
384
422
608
792
146
470
51
314
949
499
900
615
907
988
263
170
818
35
74
392
925
919
799
706
651
452
463
