752
389
796
195
502
349
73
823
397
879
650
540
700
21
265
752
369
378
114
792
744
220
713
832
310
813
839
282
443
860
251
548
602
399
743
104
749
168
928
498
399
930
38
451
304
303
203
673
33
670
817
129
890
530
961
553
695
152
835
491
365
438
39
967
837
134
71
938
655
999
436
54
930
826
858
234
482
413
259
515
83
76
997
974
959
958
527
654
463
714
145
828
504
184
795
341
319
218
632
974
218
420
380
500
599
238
86
81
652
345
948
87
773
945
61
732
256
940
739
71
6
884
899
510
421
46
204
92
264
836
418
834
608
150
334
207
741
420
288
393
117
589
832
891
886
246
975
494
186
714
565
545
951
464
55
724
862
259
816
479
447
586
313
56
736
648
263
477
420
904
222
538
493
55
781
731
301
756
226
839
471
791
384
422
608
792
146
470
51
314
949
499
900
615
907
988
263
170
818
35
74
392
925
919
799
706
651
452
463
229
292
934
20
28
708
980
820
206
803
224
520
752
723
772
719
982
112
334
152
282
370
579
675
295
498
474
2
501
927
817
82
571
103
455
599
811
435
772
17
238
996
889
343
719
13
62
701
125
397
205
408
119
784
435
766
635
909
768
488
188
937
571
759
40
378
711
203
813
483
220
52
479
461
747
550
474
809
603
952
558
808
712
677
945
147
444
932
408
564
772
597
854
695
708
894
73
419
98
887
902
670
291
733
484
38
283
310
199
238
262
758
47
326
787
344
825
583
628
234
500
400
183
354
96
243
600
169
663
698
408
917
721
699
3
205
89
286
515
289
525
130
399
924
456
538
620
634
474
248
868
974
648
403
680
96
646
280
618
661
979
26
931
52
78
934
257
167
572
124
808
97
254
559
373
63
450
345
697
924
593
917
898
594
320
578
690
318
858
308
332
189
687
263
241
765
549
850
284
121
975
445
571
229
4
944
292
454
642
989
378
235
906
628
181
578
558
872
249
769
532
581
958
571
196
552
688
745
402
973
218
377
418
789
959
774
86
251
581
728
593
311
315
851
940
497
782
850
369
31
619
253
964
930
177
512
834
865
257
236
838
475
966
608
617
925
735
703
528
316
431
473
979
746
325
271
595
459
122
316
490
93
570
806
23
747
318
857
964
927
446
155
402
764
115
371
41
850
74
921
518
857
395
850
956
72
121
551
531
595
868
373
689
790
179
64
889
849
274
853
776
720
8
530
836
124
902
877
326
976
798
197
186
193
47
142
617
168
45
148
764
265
873
453
55
404
869
944
253
143
150
29
215
158
560
51
634
462
928
961
790
727
158
328
272
205
822
890
373
868
390
489
133
264
294
541
668
164
485
274
307
987
655
523
146
215
574
780
29
503
93
172
582
603
500
854
808
323
744
534
543
135
23
28
751
318
569
771
482
407
397
141
394
53
664
540
620
239
673
650
94
118
174
676
722
26
882
882
701
627
416
596
114
792
625
217
462
194
340
296
601
738
437
348
791
454
240
411
45
265
413
139
384
939
167
106
966
49
340
19
28
757
616
494
901
241
711
715
787
404
11
741
142
800
89
933
254
329
696
651
595
110
790
331
49
309
789
367
711
129
387
91
238
355
586
139
948
649
206
735
53
217
828
547
370
917
480
976
599
529
628
546
639
770
877
40
80
18
760
143
147
499
234
386
854
820
877
802
822
84
889
875
653
718
423
23
635
255
0
586
784
980
132
775
750
361
168
830
379
928
973
879
427
560
617
633
380
494
435
202
930
676
430
936
394
205
959
382
812
311
968
949
291
453
724
42
166
244
224
898
172
550
777
951
110
746
584
842
240
371
397
523
48
179
459
442
384
770
824
548
434
145
849
725
950
574
119
116
170
696
366
343
246
495
646
708
241
231
550
834
602
947
357
650
126
168
445
862
938
621
763
372
766
612
450
68
538
921
537
709
617
903
404
215
399
50
275
640
633
826
474
236
125
183
238
604
351
35
818
642
657
581
366
775
546
168
844
84
90
381
145
59
284
549
627
35
952
902
28
585
728
854
173
206
38
764
810
741
799
980
735
808
562
102
584
460
270
428
544
712
161
42
124
797
591
751
833
895
653
861
833
734
715
6
940
105
122
102
847
274
82
582
82
996
36
666
456
659
446
353
723
607
395
847
405
338
598
590
234
604
451
67
338
518
425
630
624
900
84
823
174
166
757
256
515
794
275
971
805
721
676
528
681
71
376
438
410
326
28
996
930
831
415
620
701
840
250
677
92
686
500
266
205
610
523
720
756
150
43
561
871
720
89
904
143
817
342
553
144
722
901
426
905
316
47
607
509
649
284
601
336
137
868
541
747
743
613
503
893
656
416
116
728
857
21
872
675
715
777
171
790
679
597
695
995
996
302
856
646
587
458
334
76
326
875
175
421
488
678
314
496
446
782
577
303
155
449
330
871
226
501
661
257
99
356
605
95
11
461
93
950
919
427
26
597
302
201
370
142
231
684
991
677
819
568
332
974
369
663
845
595
164
858
205
615
567
810
711
578
271
156
880
543
584
906
492
238
459
863
733
690
899
724
719
718
644
51
693
13
66
890
960
231
101
165
846
668
975
909
598
599
66
478
142
2
736
634
240
195
497
973
237
397
49
308
467
693
711
160
58
778
403
19
9
504
184
207
524
512
469
474
111
535
304
605
889
40
591
129
587
441
455
176
190
856
484
657
902
195
170
960
973
925
979
334
781
516
542
305
380
11
131
843
898
435
448
787
827
391
268
766
832
75
942
22
932
426
32
834
973
202
794
299
479
126
985
260
994
879
917
374
242
48
217
140
835
17
279
662
408
900
428
241
975
722
615
259
148
999
93
473
201
240
772
680
718
758
292
712
637
209
86
880
257
303
372
444
320
4
458
728
256
238
321
583
960
289
843
460
288
288
934
842
528
58
874
246
168
167
958
806
376
44
38
986
699
762
430
371
118
889
452
374
127
125
958
440
414
153
900
55
441
834
897
970
893
771
568
61
290
527
219
667
923
609
5
975
724
787
346
842
676
798
569
156
924
879
596
690
32
496
745
473
683
642
443
928
766
364
989
56
891
561
75
166
522
80
493
246
868
840
441
896
990
10
404
266
889
352
957
921
201
702
746
884
697
190
812
463
554
153
871
797
714
947
315
237
379
809
835
599
1
276
496
991
638
252
258
527
605
215
800
806
269
547
42
966
89
854
781
995
359
653
144
74
952
811
663
331
972
850
283
973
127
131
317
117
383
575
997
340
142
797
146
763
696
188
730
137
394
863
484
754
516
980
180
468
792
195
152
764
45
435
738
524
566
55
642
301
982
639
642
476
788
788
239
837
329
321
326
75
185
811
181
53
791
713
874
583
908
378
700
306
813
790
182
731
845
824
32
179
815
26
7
956
815
598
793
496
272
471
923
809
282
457
862
426
170
88
361
431
466
61
737
631
851
919
362
48
96
747
579
263
773
586
219
940
185
364
788
809
836
64
618
470
521
832
896
691
921
258
122
387
319
211
19
523
483
733
571
579
480
151
842
606
89
414
546
626
778
335
435
966
399
53
437
272
238
685
963
159
943
438
898
615
1
269
138
484
3
61
415
835
564
610
441
654
24
340
280
154
27
68
473
778
473
910
50
711
947
365
870
891
803
121
858
805
390
348
641
745
409
57
581
974
667
22
628
43
362
260
197
741
328
22
519
802
284
569
513
232
935
736
123
90
209
333
247
599
681
889
345
442
298
278
416
965
300
396
8
15
9
557
756
689
932
276
491
216
197
357
448
132
445
923
575
654
256
822
605
289
711
302
732
9
580
500
326
233
249
686
600
258
596
356
947
528
984
791
744
534
500
545
666
297
468
241
951
77
416
908
366
479
211
98
489
791
951
167
376
200
206
976
810
802
685
109
682
669
252
426
203
104
971
222
401
792
815
352
869
231
613
235
711
824
686
552
967
989
71
344
541
277
672
703
79
357
812
113
379
417
540
582
521
863
156
923
7
324
627
876
907
592
464
970
416
150
874
736
491
946
432
32
575
104
735
7
462
899
120
841
668
12
775
190
876
284
465
883
960
444
112
867
37
576
838
805
78
64
541
569
10
325
953
938
782
688
945
596
939
65
437
608
78
