348
597
32
31
387
718
412
165
8
355
945
37
192
230
140
580
61
748
604
255
744
343
135
617
471
299
667
198
411
126
373
112
75
405
143
814
475
555
979
484
911
276
873
455
506
14
387
568
762
991
175
507
335
310
476
158
961
495
709
725
973
82
837
48
839
980
863
314
536
842
798
799
471
24
606
977
38
993
897
152
985
72
11
672
383
839
182
696
335
243
421
308
677
258
709
516
591
924
831
479
118
981
630
589
357
236
567
747
581
464
252
918
889
263
942
272
455
125
320
790
720
742
450
398
352
159
266
295
435
449
774
554
783
756
143
140
992
62
240
926
527
492
844
416
755
787
40
562
264
360
704
984
454
155
734
159
666
353
454
102
802
229
8
937
337
151
430
330
214
670
256
93
162
452
861
269
239
901
832
503
613
536
488
420
43
574
579
710
927
33
164
82
614
172
19
952
675
449
634
241
119
242
334
633
694
547
903
286
800
735
789
414
623
629
186
667
204
765
729
131
150
245
213
117
417
585
69
444
34
55
686
506
649
372
139
343
920
394
981
720
481
771
486
105
752
672
124
956
789
853
440
292
98
5
409
867
590
830
311
977
885
349
835
534
722
326
229
994
721
563
66
554
334
553
659
86
577
783
395
719
988
187
11
86
192
420
305
135
602
617
464
487
318
651
373
392
977
954
386
50
517
453
605
203
358
616
642
287
752
37
6
740
224
17
179
768
789
484
255
391
453
719
230
772
370
955
164
700
262
551
102
779
356
707
335
66
676
977
353
428
366
712
168
942
81
347
710
871
184
966
614
637
37
197
409
760
152
574
812
414
477
914
546
185
974
881
251
650
858
956
78
576
668
598
518
750
298
228
973
482
546
939
119
936
136
529
696
289
455
508
55
932
774
601
117
748
482
368
398
692
676
828
268
345
427
138
447
77
367
772
559
265
63
30
201
200
559
249
841
14
109
896
298
884
498
415
632
332
135
383
377
812
211
997
509
990
136
308
67
855
432
978
120
495
9
674
47
568
275
888
935
385
137
585
621
987
1
253
319
488
636
48
652
200
46
513
190
182
821
610
389
605
588
509
453
597
535
500
518
811
389
805
548
878
390
169
865
743
774
536
232
763
585
236
315
983
750
857
517
923
467
906
529
408
767
982
357
303
834
875
466
575
32
366
453
423
887
318
518
13
207
102
128
144
339
443
127
89
301
996
364
120
902
245
528
669
579
886
324
414
113
142
989
498
860
795
273
747
465
791
113
672
894
241
816
585
685
295
674
986
291
390
458
193
636
987
215
215
225
891
981
690
34
323
188
894
118
813
994
583
605
107
256
851
700
424
436
385
720
462
723
363
852
182
557
840
521
124
408
98
15
389
788
401
712
329
648
830
494
994
766
99
453
374
302
153
798
90
539
870
552
614
234
757
796
143
949
669
267
357
767
634
747
908
36
811
237
684
994
731
30
760
183
483
134
837
636
932
928
527
155
832
142
389
941
290
532
891
960
151
248
727
785
347
987
173
511
576
209
505
308
239
265
843
722
399
32
359
683
312
886
838
145
380
579
438
671
463
329
983
614
930
62
752
629
50
277
140
626
487
997
286
726
262
481
801
13
514
160
49
826
398
239
323
131
819
762
154
634
443
137
601
725
199
353
707
601
630
847
228
469
845
866
196
459
348
997
825
214
509
874
392
259
465
716
390
636
830
544
271
625
33
872
703
233
577
410
186
559
609
414
29
806
633
577
266
981
926
443
195
435
317
939
46
134
655
437
771
837
333
42
815
367
266
518
952
195
280
490
754
889
257
135
696
890
712
314
223
638
757
418
425
426
709
472
560
365
261
683
554
946
77
721
665
343
239
969
538
871
460
645
761
