937
839
951
637
338
375
708
974
328
877
406
364
385
917
166
492
243
780
842
857
522
289
139
466
789
946
957
405
428
222
850
717
413
802
354
752
529
415
726
857
644
485
573
29
402
739
522
645
871
364
855
394
5
994
212
795
293
521
552
721
743
403
438
157
557
145
261
438
560
987
295
204
472
869
234
226
608
108
872
832
824
727
578
830
721
790
977
366
312
529
87
407
284
526
564
841
23
177
631
935
165
927
491
989
148
77
216
108
185
440
940
10
519
518
840
592
309
817
959
973
346
46
732
631
924
297
824
299
826
456
234
343
735
726
333
883
803
901
991
989
693
932
999
212
802
191
156
111
8
115
436
706
514
169
337
438
818
514
738
644
322
972
988
57
50
673
940
854
926
283
843
619
215
194
183
18
385
339
481
745
455
270
451
969
439
141
759
609
7
849
253
329
174
593
386
224
618
678
78
544
961
273
515
529
819
50
899
556
390
380
301
197
650
105
518
441
598
629
50
957
479
656
286
5
249
24
229
220
54
660
764
15
285
632
896
105
682
795
13
72
528
667
621
178
772
139
972
722
769
374
679
600
30
317
605
632
693
186
852
747
846
968
762
484
600
11
941
283
806
954
707
334
621
329
865
745
820
837
819
589
211
498
541
594
167
146
226
860
333
78
607
531
46
722
15
999
733
956
282
539
263
341
226
884
670
91
982
491
280
801
432
843
652
974
437
819
472
663
32
157
93
639
689
492
713
56
843
798
365
125
690
628
466
916
864
489
359
198
332
639
0
764
482
4
90
272
823
915
287
207
72
381
847
761
225
912
170
68
711
535
545
401
515
363
669
379
852
28
578
184
19
930
301
501
934
743
773
109
658
61
317
731
794
516
844
371
428
14
791
491
549
336
244
64
699
265
796
904
293
726
440
312
8
93
166
942
837
291
403
495
352
720
578
498
588
423
869
369
437
660
860
339
348
457
755
400
722
903
304
368
981
96
32
989
190
198
283
27
842
687
874
194
407
805
45
996
228
914
365
17
927
577
708
627
386
816
27
109
719
683
829
701
780
861
690
322
412
974
701
254
13
575
800
420
732
845
768
960
112
485
330
391
415
390
18
801
206
46
262
926
81
91
979
861
305
669
183
69
995
884
323
8
812
475
781
544
321
901
857
785
387
539
176
154
929
194
307
488
592
570
414
674
13
393
887
318
414
423
739
410
307
62
770
471
538
551
368
211
453
225
996
192
116
172
698
397
718
5
885
663
575
651
337
941
44
576
611
811
999
351
573
659
413
343
130
303
247
850
866
700
75
862
244
543
386
942
941
457
947
178
120
875
830
809
168
226
385
779
37
737
130
610
396
896
306
878
551
553
729
418
605
156
632
201
700
19
143
993
476
442
171
948
669
1
109
837
228
494
969
617
583
99
580
979
347
886
858
899
791
587
669
396
95
301
597
795
320
92
788
148
886
312
448
908
665
557
97
893
404
66
863
987
166
443
319
865
681
177
764
472
116
433
220
211
87
169
359
407
613
499
908
499
811
356
759
477
266
857
722
670
923
937
657
441
380
976
307
413
505
423
885
973
209
105
537
296
626
896
55
239
395
315
91
559
672
850
388
938
59
462
960
983
400
969
776
132
946
435
546
803
211
431
777
772
889
314
420
515
562
475
107
957
143
198
868
815
48
608
105
108
71
65
443
471
34
219
955
332
7
501
488
218
285
617
342
526
283
762
393
845
589
500
154
732
698
23
899
747
631
4
207
54
421
2
877
808
573
833
492
580
686
980
150
971
949
492
497
232
254
891
77
844
391
584
928
442
959
828
541
942
184
748
997
958
750
874
766
323
707
610
256
394
943
406
717
892
251
567
125
857
810
554
53
201
138
982
995
97
810
536
40
346
284
37
304
386
263
70
62
323
33
318
69
976
76
786
868
679
705
993
537
515
900
590
69
38
572
64
488
734
601
528
81
885
917
385
624
180
808
686
503
841
356
924
817
784
711
685
464
416
31
1
284
931
591
353
321
516
417
809
250
18
689
331
256
606
69
880
139
877
918
994
70
274
919
887
410
982
924
874
750
307
227
34
590
171
387
912
687
805
73
937
823
763
621
79
369
42
311
508
271
229
503
341
855
422
580
266
756
856
492
506
164
720
541
754
243
928
18
930
85
92
219
261
855
192
340
576
234
4
437
505
233
940
846
441
714
778
707
470
635
551
328
151
623
869
905
866
150
276
796
235
368
16
496
575
208
189
503
795
193
940
300
778
232
499
219
298
277
278
768
264
830
449
415
805
318
673
672
468
949
468
56
669
836
552
596
397
93
99
192
638
40
492
417
272
343
988
571
621
619
691
237
801
140
653
606
811
326
278
631
275
99
687
296
935
592
892
332
685
991
524
324
31
369
93
656
712
433
579
685
52
270
923
853
763
928
460
574
254
90
205
881
189
245
177
125
837
421
809
874
412
686
198
796
407
643
804
119
77
383
157
481
653
80
335
768
8
147
694
614
237
900
847
427
497
376
904
334
797
65
208
561
751
759
357
158
402
161
630
831
544
787
313
550
219
0
670
579
147
365
545
736
617
392
515
114
768
419
800
565
837
8
478
588
119
836
99
874
349
729
705
894
868
18
796
439
18
466
18
517
183
563
254
800
955
769
914
75
541
66
992
378
427
470
318
546
306
417
420
8
498
126
254
718
496
50
157
867
868
527
736
52
90
990
204
397
112
471
472
653
537
816
383
964
287
701
511
945
471
283
953
321
761
207
40
258
609
549
477
830
77
213
882
167
556
438
917
668
909
741
673
447
558
56
411
197
757
274
142
580
558
448
902
319
7
294
929
969
843
758
799
920
324
33
440
880
471
357
900
381
450
573
828
8
981
591
205
90
866
700
671
776
500
573
95
859
867
25
828
62
135
627
983
459
12
775
339
484
484
591
865
934
516
45
943
497
988
500
588
854
552
611
630
52
184
78
912
403
455
92
817
590
72
800
50
84
927
741
568
411
333
785
346
849
182
641
699
171
141
287
377
694
898
360
98
434
438
362
189
893
455
6
835
527
159
885
611
86
979
532
850
312
669
196
513
852
189
212
375
330
851
752
376
101
464
827
887
902
189
428
147
644
435
983
523
946
220
135
384
199
19
234
863
688
782
377
892
323
941
267
6
145
372
382
598
836
209
486
91
751
914
590
395
701
925
919
999
146
406
384
697
425
970
561
113
105
290
358
428
583
625
434
728
349
169
327
186
730
165
629
481
431
219
229
485
145
148
484
643
906
220
340
331
191
901
796
648
543
154
428
127
132
215
207
481
384
886
19
466
51
648
948
835
220
177
320
365
677
804
8
583
25
700
266
568
954
62
568
497
569
996
624
701
563
832
534
947
70
554
766
122
554
714
957
774
243
629
139
920
433
499
855
810
200
121
730
154
535
298
3
104
647
628
157
210
812
692
510
234
598
276
356
152
342
665
927
585
294
418
857
80
918
712
890
470
833
621
976
368
919
979
825
918
959
982
129
123
26
639
358
624
915
66
777
257
732
704
194
378
474
51
458
744
763
701
214
948
322
542
668
593
874
493
864
833
828
993
309
854
632
667
479
899
85
608
508
169
664
54
548
138
105
358
883
220
59
449
520
733
344
188
679
218
34
543
403
214
888
712
68
872
731
899
123
817
507
631
986
171
37
534
662
142
245
545
714
656
346
234
390
690
774
421
908
160
316
312
374
204
376
795
428
108
46
551
925
554
534
263
77
571
150
91
65
395
636
779
51
335
365
793
25
491
566
286
652
882
950
378
438
326
525
866
434
572
769
711
478
303
975
907
874
125
999
939
520
987
70
923
322
435
717
700
927
283
986
931
518
936
309
308
262
187
527
49
759
296
760
589
952
735
496
826
860
495
118
732
835
188
656
157
976
725
209
903
360
195
186
878
483
847
539
98
34
66
147
145
714
907
734
666
995
231
845
207
78
315
940
913
855
948
423
831
673
984
86
33
180
272
264
15
120
155
113
506
573
612
652
287
520
386
306
867
969
503
74
48
818
366
313
673
314
88
857
987
73
295
373
605
920
637
972
40
144
86
546
717
698
198
356
570
937
662
437
906
165
512
954
335
230
620
361
545
60
570
532
133
865
257
90
785
246
63
177
390
501
76
107
199
626
464
122
563
478
559
470
996
423
776
331
654
748
44
551
809
614
435
294
480
693
737
617
939
800
147
682
301
223
789
852
849
605
326
765
84
886
587
432
661
363
763
667
464
160
218
625
774
6
919
606
699
656
576
990
808
723
672
461
946
462
666
147
419
992
264
855
230
851
287
244
567
403
263
31
563
834
656
689
840
927
648
539
936
224
529
744
947
202
558
245
16
576
744
787
568
9
643
151
860
282
395
427
685
658
458
600
844
466
290
684
394
938
575
330
514
105
426
461
659
336
58
27
912
802
814
833
811
809
984
672
92
379
451
129
389
262
730
586
728
372
270
474
662
846
156
176
303
935
989
962
271
47
341
536
201
155
369
13
965
353
37
409
84
488
538
825
750
620
411
831
992
682
305
6
880
462
182
183
397
523
145
20
922
838
556
124
993
925
137
310
278
526
719
714
366
610
540
117
230
951
300
575
985
605
581
865
419
764
48
168
639
545
189
562
383
745
686
729
23
175
391
653
701
111
368
67
73
260
536
303
211
836
878
549
794
460
414
213
576
815
382
215
360
923
777
96
668
815
177
43
990
568
697
691
31
65
111
104
325
999
760
888
188
990
437
982
802
204
547
378
19
281
946
731
204
75
179
225
891
356
268
881
925
965
925
956
382
388
413
59
739
173
300
927
163
89
261
966
293
161
696
664
442
994
748
999
70
927
224
313
636
492
546
561
810
823
869
544
563
282
956
303
807
256
582
323
697
844
289
343
357
337
7
799
332
107
798
402
387
374
67
23
867
613
936
29
437
157
925
0
792
881
655
599
489
238
922
187
434
563
530
791
901
889
942
233
997
93
987
384
467
54
759
686
19
695
715
808
852
641
809
644
874
816
596
364
54
870
551
488
434
433
631
335
322
574
920
671
667
907
407
134
313
166
821
332
213
888
141
418
881
302
414
756
118
10
120
173
881
23
13
667
456
645
2
130
571
922
802
590
181
561
724
494
728
897
826
293
138
967
711
19
269
126
127
388
488
247
913
721
622
926
388
78
923
742
561
846
664
715
436
845
276
513
339
356
410
166
650
900
485
713
272
107
191
399
495
680
999
760
401
621
38
142
52
962
884
613
160
901
328
597
98
604
110
438
313
872
956
963
773
793
676
45
900
868
796
747
900
795
507
653
417
546
795
469
860
32
82
20
933
762
617
31
718
727
821
31
952
129
994
725
923
23
122
175
243
918
923
495
66
430
148
483
328
296
304
188
680
386
561
965
500
530
348
218
610
170
250
562
651
596
639
926
619
761
102
214
31
25
709
97
807
210
932
136
506
236
676
538
974
237
503
474
120
851
693
730
21
295
644
25
891
283
951
863
396
53
77
427
78
139
877
886
349
809
374
207
46
50
745
372
640
248
847
760
99
892
842
473
187
486
850
78
769
801
941
165
207
371
944
285
510
173
523
211
983
249
418
381
300
515
753
292
763
952
52
214
196
894
39
383
732
889
814
501
43
107
18
250
830
314
887
340
488
763
903
823
12
321
204
664
836
309
956
951
614
8
518
810
254
909
546
986
151
712
839
194
171
209
444
2
524
683
694
12
446
598
835
459
271
391
475
460
52
432
411
666
792
281
829
399
191
727
737
342
439
577
536
610
786
332
964
662
367
659
674
814
609
861
625
880
252
100
340
305
884
104
323
677
385
152
76
576
879
813
918
670
742
806
281
881
490
245
543
858
256
570
24
865
431
649
746
36
101
438
693
986
542
16
15
928
521
91
504
752
256
775
423
351
933
56
232
424
653
127
282
910
697
658
775
481
659
873
869
760
312
562
98
854
930
113
782
803
556
639
556
165
766
331
516
699
387
100
123
40
227
757
950
277
415
78
110
74
303
331
187
615
245
285
822
175
751
604
331
307
595
887
824
361
218
340
61
605
440
536
997
20
294
300
649
61
378
759
488
681
90
675
649
335
312
471
862
63
427
193
723
23
432
547
736
650
240
149
607
32
686
957
52
332
257
701
393
987
812
881
668
254
908
669
589
573
140
804
636
920
349
711
295
782
611
31
784
851
181
744
235
219
701
288
551
958
341
944
945
154
178
965
408
438
635
350
11
127
154
648
47
503
711
342
637
674
726
422
877
907
166
113
126
867
401
29
177
742
973
474
248
503
439
657
942
426
7
953
906
513
953
953
368
17
648
6
691
374
428
569
633
594
682
111
813
435
140
990
529
465
464
778
969
255
435
263
34
794
216
940
659
522
245
27
539
893
33
230
619
813
151
252
759
185
715
572
620
855
914
150
673
730
280
994
986
715
257
20
861
825
312
520
347
557
899
238
451
285
821
70
98
972
675
858
510
390
430
130
598
697
632
271
427
912
265
413
979
874
785
192
699
97
64
399
655
964
637
458
249
810
880
347
135
907
557
645
298
340
775
248
37
760
519
464
24
136
230
4
362
367
548
413
465
613
812
472
577
802
282
178
612
162
877
99
70
435
744
720
775
872
968
164
632
839
980
656
327
210
12
689
578
561
102
395
174
267
219
103
421
501
281
385
15
510
485
437
945
229
157
72
101
477
236
85
668
217
742
995
779
106
36
709
667
139
456
193
758
675
648
179
528
929
564
544
792
49
981
737
631
491
162
732
968
750
818
637
319
912
984
99
370
21
160
390
160
617
583
270
292
232
449
173
513
13
717
305
415
698
395
46
541
909
130
510
659
300
499
979
212
483
430
935
504
942
325
16
559
260
286
204
492
735
377
358
101
446
15
516
496
762
914
38
671
44
548
683
345
399
14
909
882
796
844
387
738
169
403
650
782
42
206
274
777
583
984
230
381
352
98
877
114
12
915
138
409
815
821
754
214
187
15
449
983
860
188
73
381
943
723
163
985
929
790
115
864
126
345
245
478
796
475
945
160
390
83
569
558
256
675
124
443
691
573
778
903
761
851
636
705
575
152
42
856
942
157
73
420
855
318
899
651
145
196
811
888
279
381
446
887
408
922
682
451
496
460
354
609
663
991
666
590
143
709
447
437
866
520
857
721
190
108
372
336
304
536
576
935
269
22
174
677
944
856
129
792
668
835
402
684
826
68
274
321
777
73
110
996
945
320
717
136
428
442
824
733
978
400
20
247
774
195
276
70
51
405
863
72
241
617
756
419
37
30
93
167
104
555
163
401
875
880
537
304
674
713
389
652
465
409
251
591
604
528
662
8
285
877
432
878
846
188
650
883
570
743
50
26
650
565
428
526
446
317
830
472
383
571
125
200
980
728
792
937
256
806
297
542
683
729
420
881
269
422
764
191
165
167
218
168
732
998
694
530
667
876
3
50
447
480
251
427
208
395
716
817
201
13
359
236
742
131
469
363
554
233
555
71
752
125
239
837
475
285
367
142
161
722
545
608
554
148
388
763
543
104
580
96
118
291
684
212
774
153
576
680
738
131
104
843
608
695
680
83
981
399
225
142
474
770
103
28
270
491
143
813
595
75
261
65
366
297
278
493
450
206
173
541
689
629
384
297
325
64
380
658
463
957
152
937
80
255
318
350
98
461
516
46
537
777
111
255
75
389
748
877
947
274
418
636
255
802
933
580
218
665
590
34
623
743
323
703
350
641
405
449
103
921
495
992
51
958
247
478
700
996
355
647
622
126
284
877
280
569
810
851
235
400
885
210
495
208
265
198
202
670
647
657
944
494
649
995
452
896
825
504
244
532
152
218
658
788
448
291
357
258
142
944
10
379
154
858
939
771
56
141
794
55
150
738
549
799
85
353
48
910
210
644
794
362
863
805
150
311
96
859
921
590
156
283
321
662
141
260
434
197
754
228
252
904
318
153
56
755
859
104
665
69
748
811
783
963
616
285
626
64
144
547
6
300
831
327
963
324
588
749
522
342
329
126
598
647
280
654
402
491
758
419
560
859
230
343
174
199
628
801
263
124
700
270
777
883
597
92
208
537
841
730
231
522
856
830
169
488
484
923
979
595
694
891
806
924
234
980
475
214
133
91
339
834
713
116
717
310
560
925
200
401
655
431
923
864
613
444
704
98
367
684
45
61
575
203
337
162
183
165
376
669
256
67
503
969
535
220
631
95
498
831
496
505
615
771
369
228
567
74
678
286
110
75
699
685
278
37
847
814
554
576
483
810
643
986
131
179
558
762
274
56
946
123
562
561
246
283
141
814
709
820
100
819
895
800
857
174
189
56
340
743
632
823
905
628
161
388
807
719
150
433
128
448
908
42
361
155
677
503
969
387
675
421
558
922
221
767
448
762
176
788
857
160
611
762
788
772
150
947
844
653
381
972
453
289
366
815
796
43
670
765
430
697
539
341
619
760
460
68
875
636
856
732
797
820
847
585
944
997
885
140
2
618
112
808
259
830
975
56
874
997
173
656
694
712
997
665
825
810
733
700
446
942
784
243
114
631
181
58
981
418
199
983
36
663
143
295
494
118
351
720
115
877
376
809
589
726
475
766
536
560
466
982
502
251
578
968
234
759
379
215
529
930
551
565
593
694
860
439
813
564
159
928
793
536
90
382
614
565
501
150
477
967
132
332
570
710
300
805
821
679
20
350
609
571
267
555
266
480
346
431
396
506
359
189
394
801
923
8
718
424
510
196
392
642
528
314
705
180
471
878
860
844
581
821
415
200
728
33
680
75
816
76
933
528
265
679
329
189
39
48
965
549
244
357
543
124
24
600
304
495
831
516
339
412
338
107
964
66
492
645
493
309
73
426
837
339
457
166
880
496
566
845
45
810
555
941
934
931
541
239
778
372
755
118
136
445
577
101
864
421
98
357
82
171
136
271
862
593
790
742
90
356
940
487
167
495
428
453
778
322
44
556
694
800
26
183
597
603
284
461
377
734
171
459
905
307
731
768
900
521
862
342
229
802
830
396
649
610
202
427
932
246
984
979
46
10
162
996
966
798
457
343
532
980
154
789
287
885
557
540
758
772
882
988
574
64
736
224
27
938
3
959
185
339
290
583
350
452
579
668
602
389
363
486
369
517
276
657
755
185
549
513
957
783
853
532
848
590
108
875
880
463
186
65
803
829
1
505
281
580
173
236
321
536
722
691
405
998
700
160
184
601
26
141
384
879
25
232
821
485
459
702
949
998
119
752
827
120
257
460
53
782
696
374
670
419
417
75
769
469
588
305
70
614
799
455
493
176
39
315
662
499
369
611
849
488
715
676
609
324
488
662
458
185
388
128
956
806
555
77
275
143
383
346
109
534
153
955
710
192
622
372
43
991
335
892
479
50
920
440
374
409
454
832
946
843
312
254
1
220
331
276
715
66
974
825
600
127
780
663
672
402
35
715
745
723
608
224
125
880
17
852
289
471
36
235
314
349
841
667
569
173
944
636
591
270
461
544
750
593
207
422
347
594
489
92
317
97
669
443
978
686
295
619
509
683
207
176
32
48
843
953
573
139
590
165
410
403
61
512
997
268
286
696
214
775
789
884
225
810
679
203
848
326
174
357
9
381
885
394
782
729
347
355
868
289
872
630
45
285
494
394
905
780
90
120
556
231
356
781
393
35
336
241
713
862
951
722
244
836
468
378
917
816
733
138
457
958
120
502
243
615
248
149
395
339
621
303
922
977
436
316
364
124
557
77
987
860
151
231
49
620
961
318
788
694
456
597
4
577
452
600
544
700
749
291
39
722
595
314
699
31
630
415
508
539
492
495
400
995
78
801
615
39
119
755
85
928
353
90
505
157
690
401
857
791
692
249
513
639
563
564
23
193
331
531
732
823
26
484
170
104
637
138
143
757
893
228
685
598
670
542
755
712
943
965
503
987
214
368
627
129
284
650
322
615
181
406
790
207
243
961
663
880
451
806
637
344
386
674
295
57
216
402
121
511
367
977
499
933
345
126
62
982
776
736
949
309
143
92
516
738
53
531
618
856
337
608
552
75
634
847
484
203
602
606
714
969
583
565
255
280
691
317
614
819
54
564
128
549
656
996
639
61
527
609
917
216
569
469
292
204
669
128
407
271
86
473
592
669
39
199
302
730
517
916
902
923
832
30
824
840
379
463
253
906
72
522
475
642
344
119
198
13
247
957
636
334
430
580
355
469
780
657
552
649
926
454
924
110
836
100
303
567
563
556
474
987
79
301
981
775
420
531
140
667
488
776
353
919
708
709
740
840
718
644
841
996
450
117
107
639
217
410
206
132
318
32
120
749
333
453
524
753
337
664
421
825
792
774
96
853
835
189
693
906
833
887
902
284
4
361
275
222
123
481
354
442
514
826
191
847
632
716
953
969
732
726
146
525
500
243
730
688
784
423
594
617
310
496
253
667
210
528
889
333
362
595
775
228
422
319
75
406
387
380
375
119
106
873
996
959
116
726
647
900
502
593
870
164
89
475
831
299
356
72
985
718
668
760
946
442
79
373
848
818
754
575
938
860
448
286
819
917
365
818
169
867
411
391
31
853
867
215
504
575
287
489
293
307
250
591
749
681
316
597
500
422
524
790
283
973
76
454
242
441
273
411
660
36
155
44
889
22
259
394
597
898
883
242
206
133
185
955
167
853
905
667
276
429
809
559
754
885
365
348
679
990
112
691
27
267
735
916
289
346
310
238
245
194
832
451
679
17
758
846
222
663
865
498
445
674
409
551
912
775
900
943
117
12
634
144
279
722
61
920
68
723
158
313
269
342
116
301
711
875
147
933
538
365
432
983
391
841
887
303
968
787
598
86
799
585
230
430
307
643
350
375
719
508
41
988
850
157
289
561
32
789
494
571
506
278
906
897
120
793
553
88
932
151
526
731
736
757
161
395
752
863
771
471
371
812
812
573
321
453
486
354
594
333
277
100
611
535
998
83
681
551
524
613
54
50
697
143
159
210
538
264
74
661
735
797
825
899
371
147
705
209
501
299
542
130
400
506
665
750
941
346
653
465
312
707
868
9
850
379
571
741
643
645
402
731
443
228
630
166
375
335
727
228
987
270
358
387
128
375
137
421
74
142
887
386
849
107
747
52
486
318
793
130
964
547
861
759
775
843
277
502
531
4
730
518
626
440
905
106
816
394
528
890
536
767
276
737
874
375
789
712
693
934
842
9
482
55
120
257
899
397
112
430
754
842
948
380
283
205
487
99
599
367
341
487
134
969
224
8
344
366
720
389
652
915
399
134
970
871
744
221
621
856
651
375
50
599
107
333
156
594
784
755
961
125
594
447
446
819
807
790
537
528
532
189
795
283
324
765
154
420
987
775
628
990
502
678
942
610
12
98
556
148
206
518
626
800
317
72
619
125
215
508
5
747
698
800
382
374
917
536
794
256
664
422
247
166
452
189
776
816
639
333
965
845
203
943
646
520
15
617
645
582
126
650
681
824
802
63
550
720
952
696
976
616
470
575
782
922
116
911
739
756
596
704
601
799
647
247
671
14
217
669
949
343
671
630
519
474
46
69
194
998
117
522
966
587
98
100
509
214
11
248
970
607
304
924
758
303
523
782
670
740
451
619
435
122
601
306
948
999
727
494
997
844
17
315
431
115
416
941
681
427
541
4
387
198
928
497
501
451
631
523
544
434
494
979
557
448
286
857
447
13
352
797
210
369
112
641
836
528
934
517
308
476
873
47
26
801
896
879
605
528
403
149
962
249
480
871
697
118
81
497
484
433
294
694
154
758
687
990
639
622
859
299
450
85
698
476
886
594
355
843
474
110
992
789
360
825
12
409
943
93
906
779
526
200
473
32
311
161
374
950
135
586
249
585
671
947
413
557
893
120
401
368
231
745
509
943
922
521
352
866
615
259
997
493
811
471
878
122
984
252
72
119
838
673
56
509
620
469
419
866
589
172
234
172
917
95
115
192
616
468
58
583
79
407
429
890
878
307
365
214
559
789
685
398
463
741
259
435
562
678
301
152
850
887
324
120
982
792
312
951
612
722
534
691
129
963
933
360
270
650
574
182
440
612
580
903
353
839
338
916
870
992
420
720
879
96
840
214
888
504
165
852
226
699
895
356
15
181
68
637
831
642
819
271
254
751
174
960
591
865
228
813
857
648
533
88
96
726
302
337
230
467
189
809
519
85
165
886
266
233
523
97
227
343
721
834
94
247
146
37
464
374
850
321
374
736
762
822
462
64
159
44
884
349
853
755
786
370
641
52
955
164
501
183
859
574
369
306
822
867
343
286
241
546
960
967
282
722
789
96
138
301
492
374
650
346
129
788
716
122
840
672
287
693
207
498
268
928
804
442
795
500
728
388
398
40
355
680
762
496
128
253
797
620
627
799
966
109
587
35
231
779
59
518
825
618
369
445
546
525
887
693
25
967
81
423
8
788
455
122
636
935
375
434
556
355
585
874
464
525
261
695
656
320
566
833
290
935
278
836
460
517
529
838
837
962
261
845
750
69
319
387
4
695
173
912
50
110
787
514
635
400
209
644
73
775
477
363
62
108
200
523
625
81
713
462
44
326
659
146
395
979
533
752
26
706
664
76
817
803
942
804
204
503
448
277
631
278
992
693
386
192
568
363
626
281
826
22
608
837
168
355
816
54
107
842
760
772
270
929
927
212
86
483
716
886
112
347
164
105
392
550
649
961
914
275
242
92
649
202
929
818
558
98
872
665
940
984
789
563
266
69
775
352
552
843
238
665
542
755
770
935
657
419
896
923
47
490
15
696
45
297
866
603
747
738
620
39
75
762
602
341
831
378
45
735
573
635
752
116
390
522
51
48
294
299
323
693
789
691
389
834
988
608
789
87
698
762
126
773
524
729
114
707
459
511
794
32
147
547
500
537
421
551
937
715
202
261
760
344
952
502
530
292
110
320
379
808
82
857
582
958
586
48
17
45
560
811
430
59
358
930
948
780
834
238
847
388
499
608
732
803
462
263
447
572
583
178
380
17
35
314
327
974
715
344
371
627
507
801
686
866
84
986
998
270
224
197
658
75
157
743
878
619
6
677
543
941
207
276
310
595
590
637
569
657
333
940
284
840
94
322
58
530
309
408
152
533
958
810
609
115
905
839
87
911
517
630
852
76
906
162
671
849
151
240
506
484
181
143
677
627
465
87
157
774
496
309
308
454
471
917
921
377
756
8
288
625
991
493
702
249
7
373
98
159
614
957
995
147
100
672
774
565
760
283
340
256
944
0
62
415
917
983
144
25
344
785
651
687
630
705
936
637
78
387
796
44
344
792
543
796
464
669
713
576
952
405
184
248
405
246
664
674
582
160
700
278
945
703
965
575
760
901
565
838
640
361
235
336
505
778
132
322
800
846
898
752
251
83
1
9
681
17
683
615
529
383
893
475
438
858
402
198
112
319
389
752
681
976
441
538
754
925
860
554
771
111
659
375
546
12
736
579
29
419
195
910
155
88
737
945
299
140
144
411
811
885
515
492
861
308
383
967
234
595
522
357
706
533
84
604
545
820
184
926
240
379
836
747
819
574
692
118
66
188
881
877
73
749
722
934
57
457
902
291
52
776
649
111
309
85
715
206
906
251
484
498
982
672
245
802
246
289
920
664
478
154
894
551
903
968
838
312
425
92
956
477
868
957
940
529
42
656
87
948
259
571
798
242
243
43
44
842
685
316
858
163
470
104
66
725
72
256
390
497
348
346
327
568
303
267
449
697
923
536
998
183
459
796
777
55
192
821
249
877
137
107
40
960
564
458
685
636
715
75
134
63
773
461
632
76
728
433
126
4
970
124
539
781
920
316
836
112
489
85
989
626
545
381
586
109
840
624
97
555
51
231
970
825
44
954
253
125
388
379
481
358
503
20
139
776
688
328
240
177
765
230
155
662
963
94
123
803
70
221
710
121
804
681
946
849
635
200
974
23
931
807
733
435
827
225
563
867
905
803
396
670
385
551
333
349
997
456
504
67
29
215
189
834
896
487
35
883
39
361
907
971
168
992
758
995
569
321
214
474
124
610
145
510
161
830
211
159
638
715
226
668
930
767
854
178
255
889
62
294
250
321
265
418
665
375
765
235
696
979
709
173
589
206
35
102
36
246
613
675
313
840
695
244
959
549
774
214
438
188
861
688
861
478
458
527
854
223
762
550
202
823
75
143
30
110
245
418
708
859
445
22
51
140
618
10
41
744
577
479
933
790
519
794
268
329
321
474
552
435
377
754
611
452
249
993
563
495
411
623
706
857
645
757
349
615
119
391
360
48
222
293
838
94
439
459
423
761
933
976
548
310
82
511
763
332
504
678
179
916
301
885
125
299
994
826
914
113
217
274
162
792
919
352
886
359
811
661
472
745
989
372
407
424
884
170
108
388
200
287
656
502
524
133
153
518
960
67
631
529
694
145
673
965
850
911
324
661
573
796
758
562
521
166
986
405
688
94
145
241
733
154
743
257
287
248
775
599
315
759
481
361
256
154
327
106
66
3
120
639
152
878
553
673
396
892
78
437
338
223
678
72
377
773
681
17
21
809
616
688
568
449
402
176
604
729
283
670
732
755
661
884
633
214
909
382
458
987
171
797
563
849
869
292
974
550
661
995
359
630
35
279
79
437
808
683
518
443
353
603
198
366
839
183
933
749
565
391
736
736
188
651
937
409
944
911
312
957
258
23
587
294
655
667
83
463
350
602
906
56
557
104
422
396
287
707
145
205
99
234
293
639
885
583
401
181
494
713
139
105
88
726
399
743
393
834
558
