980
130
951
778
246
347
157
17
674
12
553
37
664
358
104
890
0
572
312
587
428
219
706
93
409
660
219
805
747
216
180
79
699
131
209
297
830
366
314
504
730
867
894
395
577
998
285
578
923
949
517
351
520
576
796
930
236
16
735
335
584
267
766
283
750
975
581
580
342
247
437
424
467
331
819
44
681
456
974
604
406
492
307
278
420
104
208
8
120
295
343
704
914
109
340
664
436
273
597
130
520
34
555
339
365
374
384
398
831
710
3
589
554
310
867
974
766
428
982
886
723
677
591
990
138
283
654
575
556
251
705
428
285
260
768
2
635
504
401
818
214
756
407
121
418
274
95
185
702
430
423
778
459
366
120
598
649
774
173
205
26
230
986
663
491
754
18
478
258
771
296
824
527
703
945
297
329
393
482
384
175
906
514
634
624
634
232
274
408
757
831
786
340
817
802
831
571
820
661
181
591
957
358
470
12
655
767
693
48
602
77
575
860
943
210
484
577
794
758
338
904
942
476
244
759
278
427
683
450
88
864
41
397
574
863
409
230
983
102
630
585
532
206
797
827
768
633
757
914
744
95
170
686
923
414
445
554
193
128
4
281
345
398
678
271
261
439
501
596
894
484
181
778
42
330
605
162
964
362
76
708
809
599
394
85
13
191
639
207
672
995
840
17
745
871
640
7
310
142
955
556
978
137
334
20
819
292
534
783
654
962
491
816
561
237
901
927
429
540
486
101
535
326
470
281
197
110
640
860
604
595
768
582
84
103
954
904
747
488
39
401
451
531
217
364
120
118
291
549
10
777
2
898
104
472
531
653
935
523
865
539
470
634
474
555
89
780
811
836
621
202
589
424
85
159
788
206
277
80
107
640
857
110
538
313
934
69
967
869
592
184
761
62
170
587
969
259
367
132
447
988
335
37
412
772
196
553
978
825
633
86
465
490
548
3
156
482
424
475
352
368
659
465
783
830
52
752
441
419
237
889
760
924
278
524
696
474
77
675
651
710
113
469
553
661
824
709
495
249
184
199
617
195
664
400
25
716
505
467
488
94
708
248
370
986
124
66
812
202
93
463
264
558
932
169
571
757
878
67
358
414
266
327
610
931
80
987
999
937
806
487
31
514
87
753
852
212
819
664
766
265
480
30
823
764
552
395
873
430
814
583
197
80
911
159
363
343
146
363
280
305
850
663
171
938
416
24
502
235
40
268
852
872
650
28
989
202
775
214
985
589
798
534
669
61
693
385
404
191
748
684
496
598
347
20
888
763
44
390
350
436
10
203
661
661
231
650
215
358
216
200
947
14
734
968
427
779
353
831
971
101
867
819
52
214
839
940
329
235
683
32
24
693
235
685
706
818
687
922
176
903
474
475
270
209
443
697
988
149
529
311
250
396
131
654
963
970
947
644
558
630
676
582
675
263
267
382
81
954
304
609
857
778
436
127
339
880
177
680
29
706
991
631
454
122
638
417
445
585
414
3
215
90
937
890
354
204
624
787
510
280
749
367
411
185
847
750
417
24
782
798
82
774
430
536
248
68
306
45
5
720
400
220
162
337
462
516
541
87
304
51
719
53
771
130
590
970
233
8
346
15
806
428
141
588
316
390
8
974
787
13
46
188
233
209
525
48
77
67
487
733
470
206
138
593
689
729
563
922
737
261
289
543
689
431
484
358
173
492
684
960
506
83
148
91
644
26
491
721
93
978
455
915
537
593
509
226
322
424
148
411
686
437
307
727
220
791
437
393
283
122
706
141
205
206
233
201
232
724
922
677
55
729
593
592
323
454
818
997
878
966
409
564
755
716
644
976
507
81
721
142
555
427
284
112
986
869
313
218
945
236
896
0
965
841
592
640
295
410
990
525
728
751
442
836
819
86
164
678
167
885
820
75
665
456
187
651
325
501
221
271
89
117
271
406
310
216
399
605
978
389
131
59
140
573
895
959
11
411
637
530
648
809
605
313
266
793
316
591
646
890
214
735
359
838
493
670
54
892
627
384
633
758
443
773
683
690
84
694
101
73
577
750
883
182
415
501
327
84
92
973
974
659
60
333
497
554
355
903
798
983
287
432
741
731
205
777
773
642
823
227
715
400
977
950
935
744
451
262
180
896
236
154
555
648
840
52
554
195
955
353
178
594
785
272
677
342
49
451
984
224
678
52
977
7
354
912
103
158
174
284
54
762
790
961
411
630
365
965
826
672
318
356
266
455
628
944
798
29
747
134
254
777
538
583
136
893
495
239
403
669
875
457
432
666
770
195
296
135
512
474
807
183
831
425
638
811
369
436
841
468
923
447
245
461
30
733
706
877
973
109
546
848
918
330
866
688
877
163
823
390
989
982
573
172
408
211
984
129
0
177
950
923
976
547
384
358
281
443
235
606
552
781
806
823
464
673
511
341
188
687
731
177
21
304
350
429
868
334
911
868
863
213
791
839
760
527
197
41
322
432
647
875
565
454
698
29
127
561
371
315
248
454
844
270
759
194
51
979
880
314
847
743
527
990
934
288
869
131
681
192
915
329
419
481
135
117
510
614
30
233
281
279
688
125
901
799
672
304
778
552
619
625
648
498
967
934
786
836
66
820
28
333
149
447
814
636
916
677
250
947
262
531
578
950
656
831
101
680
135
879
233
106
856
233
605
823
167
743
12
585
563
392
919
712
192
85
700
460
762
950
407
377
481
337
679
490
168
781
170
656
660
755
762
869
340
367
44
860
111
56
445
26
801
716
739
993
802
791
453
916
742
213
293
575
902
973
417
423
106
588
79
118
695
193
987
388
561
384
248
24
440
693
50
593
410
141
586
564
933
392
480
27
605
126
602
507
451
20
930
557
960
361
675
7
555
663
395
468
47
643
492
839
689
894
433
451
388
371
367
673
763
847
700
368
325
654
228
776
26
510
333
986
872
9
346
779
24
741
247
71
737
91
262
778
337
695
581
725
419
948
750
182
147
802
903
473
457
483
249
483
993
935
822
217
944
168
996
968
261
243
391
998
686
653
128
24
701
709
749
120
9
852
654
157
654
557
982
111
392
583
947
386
518
769
955
462
937
