966
432
923
945
167
910
339
493
480
327
474
145
841
957
726
747
80
452
108
427
704
763
168
986
397
435
31
97
91
56
534
57
488
809
354
7
720
693
852
552
372
327
49
214
636
776
313
716
580
773
495
285
536
15
623
934
803
7
383
894
415
917
951
255
726
305
262
798
350
114
703
75
793
752
289
429
880
954
497
461
727
344
98
264
360
73
550
163
80
285
57
495
202
360
102
280
17
364
431
367
831
134
442
976
886
83
758
119
389
607
580
117
952
30
733
312
103
635
475
536
920
884
383
474
244
486
754
613
850
185
980
33
671
775
362
910
210
120
29
600
727
609
69
679
639
154
343
94
789
170
630
61
406
14
535
2
500
641
615
702
179
596
88
850
723
450
760
285
922
789
885
649
750
306
681
741
460
376
836
601
547
466
662
953
832
549
956
332
191
571
35
370
519
475
220
594
925
333
880
847
122
117
848
225
424
881
966
236
258
802
838
157
621
852
110
453
402
418
138
593
342
525
315
861
0
535
808
925
220
688
124
695
805
972
920
581
206
886
818
464
41
656
621
662
860
83
467
262
502
957
207
196
482
522
409
482
410
217
759
630
257
235
325
415
560
245
996
766
484
814
230
525
822
203
539
683
286
358
945
140
316
505
336
150
27
98
985
437
315
96
420
573
332
97
988
892
695
336
658
179
151
240
56
973
443
947
656
81
305
954
574
973
459
262
124
838
360
109
276
676
557
48
601
889
145
941
133
840
277
791
371
780
383
427
754
178
374
762
260
32
716
186
5
527
448
481
366
809
942
994
837
500
42
790
389
539
83
523
732
712
666
103
493
402
883
247
580
257
361
840
641
78
26
999
605
827
480
323
636
423
317
825
275
711
615
16
251
698
891
335
410
558
438
255
960
673
502
892
931
864
733
924
294
111
923
251
290
404
575
926
179
244
751
454
956
718
470
559
768
714
894
531
272
684
786
584
358
289
476
641
505
561
917
151
25
841
402
315
597
329
594
776
926
697
582
234
416
404
793
184
118
39
715
742
75
854
678
785
495
507
778
0
420
696
503
445
537
257
113
134
939
707
262
865
756
844
99
172
600
244
709
71
283
776
813
710
630
844
496
125
351
626
477
771
322
980
569
859
590
682
345
529
741
607
394
497
803
493
22
756
737
83
827
372
859
992
434
842
836
282
967
187
909
797
959
231
129
528
443
719
562
140
248
303
100
642
152
255
487
174
11
576
257
838
300
469
831
735
311
19
369
630
207
278
779
518
862
909
398
657
628
960
797
877
615
249
871
767
505
711
294
516
287
903
707
940
372
890
27
35
909
396
666
468
27
445
986
241
354
384
898
335
344
47
564
311
649
787
79
154
498
725
22
138
628
729
78
1
971
105
36
881
501
54
349
528
852
688
121
558
72
371
893
769
419
809
80
68
597
159
574
95
884
596
233
865
326
311
866
649
768
254
530
270
661
232
150
865
920
272
423
344
643
669
113
414
478
194
834
75
705
408
523
942
357
108
807
35
772
25
684
540
631
567
162
292
799
313
157
71
937
933
415
932
602
529
699
432
75
885
508
780
294
383
722
3
491
881
38
615
906
722
156
538
289
318
182
440
983
692
511
272
625
279
205
227
160
256
659
235
141
519
367
787
254
442
790
98
323
828
713
230
903
869
120
192
540
302
985
523
994
496
796
971
127
353
198
287
609
210
874
102
81
594
890
336
36
32
434
359
861
147
941
116
369
413
308
909
716
645
432
62
142
580
34
621
285
584
261
246
146
135
349
228
729
239
564
117
623
350
477
484
497
770
952
866
184
261
127
252
906
912
314
400
492
700
374
778
637
635
24
783
122
725
11
204
316
927
321
940
277
798
776
127
921
729
993
105
342
473
357
600
385
23
353
229
76
727
359
713
714
736
848
836
461
860
40
778
139
362
718
417
512
846
544
785
575
889
890
917
362
599
870
99
623
223
329
51
950
688
764
16
424
964
852
238
824
245
16
316
607
86
733
471
932
629
257
860
518
499
129
233
99
999
684
74
222
13
125
524
54
241
540
830
205
745
68
382
990
436
698
949
874
783
772
807
412
29
19
282
881
148
867
980
148
552
406
722
917
883
247
971
476
139
154
33
236
574
415
226
11
465
175
237
600
948
44
364
329
415
999
210
564
866
542
712
770
300
786
688
183
385
11
11
525
165
45
761
740
812
340
103
630
867
340
230
167
737
947
497
152
946
59
68
812
954
132
583
254
919
623
790
304
634
801
181
800
198
295
892
11
635
347
641
854
39
223
22
128
170
519
633
116
930
701
281
884
834
216
491
105
839
633
761
473
786
943
625
985
590
869
996
577
568
989
431
960
212
453
88
383
324
721
851
255
775
484
491
961
700
334
66
891
967
827
717
106
122
694
91
712
916
439
289
484
428
73
444
640
526
885
375
203
958
579
458
85
63
301
46
116
636
464
7
955
644
76
61
118
771
504
831
687
943
472
523
371
897
320
364
424
205
91
627
515
670
437
601
86
738
999
202
726
464
561
34
460
638
95
578
409
600
761
448
895
234
971
619
131
291
335
907
848
426
886
364
449
675
317
535
766
316
89
492
780
650
526
592
288
974
171
49
926
932
849
821
518
173
792
2
816
127
909
665
554
148
381
355
823
698
890
589
366
979
434
147
981
312
739
622
286
262
23
564
195
873
386
713
46
530
715
862
658
977
879
564
477
612
271
652
310
161
242
29
492
28
528
825
340
267
447
627
882
471
191
77
344
929
142
742
812
210
956
470
539
836
386
16
448
657
668
111
170
262
140
14
290
668
839
983
287
287
610
521
758
153
598
454
435
93
548
247
655
504
69
194
340
807
562
141
464
582
604
986
197
96
0
487
116
839
470
755
126
432
277
236
938
227
690
725
320
238
972
975
95
393
521
787
200
83
928
16
666
884
2
863
332
2
702
448
841
525
204
320
309
833
908
599
60
951
324
733
541
296
60
636
689
582
424
241
17
704
257
683
589
259
898
273
613
953
722
807
830
278
127
491
111
35
91
523
986
415
256
528
712
317
516
753
899
940
347
268
645
604
304
586
216
554
859
829
507
933
636
689
563
115
181
674
503
272
550
841
39
806
721
103
475
238
209
726
530
556
995
527
512
299
465
728
853
677
910
713
610
898
402
174
366
935
200
869
559
750
62
599
909
784
702
736
374
911
463
256
819
458
784
332
109
249
60
962
926
970
27
889
221
430
415
587
717
615
456
277
718
870
228
979
6
282
715
380
194
178
637
13
988
773
697
449
22
758
412
301
80
791
190
301
221
605
888
291
572
696
920
290
567
148
621
573
430
337
306
976
867
295
342
208
68
39
657
442
797
421
743
230
213
285
531
786
890
420
77
463
468
997
105
35
497
727
961
928
64
619
904
283
914
246
491
334
286
501
128
435
922
224
665
487
509
549
274
400
321
703
863
789
53
320
177
550
47
138
478
463
109
735
747
23
333
590
709
619
91
837
407
366
61
424
205
571
973
479
323
294
535
538
436
588
858
613
138
906
103
969
369
212
704
468
587
37
411
648
9
854
837
768
220
899
192
778
822
166
609
497
812
144
35
248
732
893
213
223
151
316
544
873
880
248
693
467
637
104
467
998
959
305
766
531
204
311
309
378
829
919
227
641
415
262
242
500
507
455
75
11
124
619
884
356
219
929
176
208
34
643
207
345
948
325
228
504
636
890
234
465
161
461
459
576
75
701
76
935
508
503
946
984
122
182
341
341
111
517
550
497
160
109
194
109
434
423
965
71
313
200
888
826
661
347
402
737
48
831
24
557
334
970
893
809
152
234
502
615
751
52
465
264
513
659
725
948
82
690
371
747
242
259
573
904
607
328
993
655
511
17
564
845
339
458
6
843
44
509
458
148
561
923
412
427
583
489
375
17
531
746
117
774
357
42
30
964
370
375
972
881
744
888
79
83
698
85
926
743
594
736
891
508
660
655
935
595
144
662
964
675
760
81
801
117
124
831
434
846
206
406
728
950
294
159
385
345
244
663
88
191
400
331
51
412
986
338
7
130
0
323
157
112
405
311
229
881
142
663
727
701
421
807
3
68
966
741
413
563
404
853
106
804
184
157
216
170
847
575
652
847
899
161
959
656
472
540
889
615
556
616
668
977
776
671
397
94
412
162
657
169
15
115
973
199
624
542
369
471
469
21
318
368
535
629
376
7
522
265
974
78
234
642
407
362
666
157
456
430
319
466
599
335
581
925
534
206
467
256
677
936
629
348
657
164
329
385
172
851
3
146
281
237
141
41
599
159
198
407
941
517
873
541
204
455
818
739
13
637
995
42
925
624
390
934
141
720
320
313
923
323
811
205
912
952
246
863
463
444
270
405
313
496
298
518
951
116
609
316
105
956
358
30
932
749
965
73
821
637
386
96
312
550
301
576
854
899
439
318
695
61
723
9
557
21
879
860
489
488
176
594
444
887
976
376
988
293
450
809
930
188
905
594
738
559
170
593
458
961
911
506
375
986
515
932
359
746
145
200
234
673
146
30
560
122
758
548
416
208
709
698
749
967
293
487
526
815
432
336
777
695
842
504
681
709
436
392
807
581
592
41
607
738
423
167
213
182
716
629
742
425
679
843
392
324
331
270
140
115
607
269
811
801
773
844
863
561
237
670
495
181
712
102
272
487
269
485
21
337
466
764
763
145
607
507
822
290
778
962
758
385
583
921
538
708
765
401
621
354
72
116
536
136
570
160
623
192
645
997
529
111
761
292
608
720
152
430
363
930
744
473
667
679
394
205
387
159
959
9
866
31
477
754
167
48
914
142
240
559
139
769
22
252
414
982
325
566
413
40
848
509
513
515
189
259
72
928
418
31
937
636
62
767
390
581
815
304
76
407
215
567
528
589
172
942
572
497
860
337
889
708
846
754
575
387
13
648
316
783
679
605
420
94
724
810
27
891
467
103
298
34
23
827
624
195
121
548
44
334
885
933
42
83
687
970
823
700
618
491
835
649
96
255
743
821
418
123
712
237
578
363
271
601
542
895
796
663
443
840
349
680
125
744
116
812
714
939
864
332
430
700
981
878
307
77
51
725
552
116
962
130
479
586
732
21
833
880
36
277
73
386
309
198
130
425
363
844
364
579
528
146
631
861
25
291
290
76
368
842
192
683
973
23
269
57
396
102
937
785
731
362
523
41
913
653
818
628
849
535
559
729
681
191
590
58
834
233
135
202
75
679
885
48
55
154
457
451
609
747
588
340
109
111
733
374
116
904
2
317
439
562
46
472
105
989
531
939
222
18
141
649
49
379
698
456
885
507
908
494
254
848
187
716
960
272
90
76
176
93
394
967
7
792
792
112
781
323
51
355
693
544
5
94
923
55
551
809
562
811
303
169
659
842
885
619
115
975
696
643
420
442
963
427
586
755
891
720
430
942
75
123
839
432
217
762
839
768
571
402
579
227
923
239
421
808
210
888
135
258
532
908
52
495
687
639
602
579
359
32
873
434
507
712
219
724
827
58
845
398
812
776
977
735
367
399
895
578
287
383
188
171
291
241
18
330
880
620
909
239
4
135
25
511
847
244
588
674
655
433
425
467
561
754
555
929
505
802
859
145
185
47
316
828
640
687
511
520
307
420
111
664
555
137
175
755
733
763
781
740
548
558
560
110
313
115
391
170
917
602
315
455
1
632
635
642
319
146
514
978
919
626
642
826
115
170
581
200
933
715
941
834
625
501
296
938
968
39
109
237
641
776
692
994
760
680
988
431
826
503
410
745
481
404
924
948
574
857
500
860
572
441
694
198
294
990
488
614
29
949
852
22
726
896
368
486
576
357
918
755
212
680
852
45
436
776
993
363
634
493
223
558
287
269
108
933
611
949
548
640
898
752
14
976
0
382
815
577
91
85
684
303
117
888
348
553
665
693
916
651
539
491
561
178
760
22
463
723
971
363
715
221
115
729
198
116
464
365
45
555
450
81
211
919
969
911
472
986
605
741
989
496
584
551
26
697
573
489
420
544
853
136
117
968
217
315
436
681
32
481
589
834
562
800
753
884
711
226
870
668
319
860
516
903
411
542
952
336
32
373
232
237
861
349
557
78
17
994
760
49
827
701
884
742
501
637
626
564
215
496
585
886
708
101
142
119
996
94
807
380
467
391
617
328
741
174
759
110
168
871
511
996
572
747
90
425
737
716
989
952
564
926
191
273
28
333
744
376
427
552
756
247
295
373
927
388
547
686
498
68
557
362
416
129
109
506
554
846
574
896
151
138
822
342
411
202
27
508
578
806
412
686
53
707
59
333
96
959
19
946
27
929
308
795
410
770
301
317
968
875
213
471
365
387
165
129
942
192
637
872
999
49
559
404
108
970
737
204
929
757
503
308
686
163
103
448
933
404
765
254
631
330
725
997
718
891
478
12
83
115
884
82
516
443
487
624
414
224
181
695
333
684
4
371
199
107
820
133
864
937
387
495
268
464
844
338
355
322
350
439
789
234
873
305
30
712
930
796
289
111
491
974
147
847
346
346
955
518
831
171
455
570
18
723
35
863
61
390
537
763
181
327
350
55
632
380
119
914
528
408
377
371
383
524
219
81
223
526
599
54
697
406
977
67
482
12
930
543
754
820
659
936
147
9
991
131
741
462
46
621
223
423
992
958
300
563
39
523
441
990
929
490
396
258
558
878
270
488
774
25
308
785
961
807
794
304
939
887
118
985
508
341
760
852
299
412
416
338
935
857
680
217
348
429
475
906
659
98
746
785
123
407
570
436
214
716
92
505
603
210
842
463
552
603
316
851
15
732
542
303
941
574
872
641
3
699
899
663
797
646
448
272
405
19
60
971
735
152
477
691
715
319
154
619
274
822
822
642
554
716
945
848
291
169
489
294
868
389
957
18
387
758
290
792
129
703
115
216
207
592
907
922
264
414
893
890
236
716
532
143
432
829
991
723
998
832
370
867
221
679
237
960
437
879
752
566
582
220
783
790
812
42
64
428
456
958
319
45
26
851
188
810
681
531
886
31
363
256
250
937
287
487
897
725
367
2
643
301
222
778
91
386
821
508
815
629
818
486
674
844
689
214
654
722
745
540
754
461
148
4
398
436
844
295
513
211
297
156
512
519
287
956
906
460
816
73
89
634
559
116
478
248
682
484
971
428
377
77
241
877
81
639
313
277
934
178
840
232
687
705
103
974
661
9
434
477
82
875
111
993
991
941
242
26
777
565
806
154
642
47
32
75
686
697
353
620
876
545
204
563
250
308
889
911
669
323
740
104
198
203
97
542
496
691
568
274
256
374
780
250
773
812
326
459
862
31
431
90
576
636
653
827
296
894
90
965
217
183
421
767
386
519
309
883
210
229
509
467
955
289
69
728
454
395
539
316
778
971
406
707
959
411
886
255
305
328
572
874
511
994
641
250
865
303
133
75
884
642
894
840
931
964
920
385
711
460
53
842
431
811
549
390
222
787
997
879
115
921
753
979
267
747
229
132
50
362
560
286
356
454
126
639
770
399
377
482
859
782
676
642
594
225
384
168
364
733
48
831
654
153
810
922
900
39
406
302
753
966
589
461
773
67
453
543
466
830
377
677
612
53
319
558
630
55
727
994
788
775
178
443
280
988
717
181
380
123
835
485
442
424
947
567
492
752
110
310
582
840
988
546
893
659
457
524
715
184
870
855
311
400
298
591
389
367
124
121
843
960
606
285
736
905
852
580
657
314
891
591
154
231
490
400
242
947
276
309
483
498
165
146
899
815
737
640
183
214
761
26
526
719
663
262
977
867
843
986
533
86
930
688
669
420
440
263
719
716
573
554
214
90
700
113
905
789
753
440
3
866
466
881
586
481
144
915
348
339
901
882
777
831
922
446
603
714
61
674
430
634
228
996
724
928
462
982
70
215
422
425
434
241
307
372
722
451
287
423
142
188
657
919
20
931
717
623
645
778
298
427
765
878
423
841
159
885
823
229
453
598
654
887
839
961
259
913
764
898
336
906
86
993
177
458
276
246
82
921
25
732
348
142
962
772
983
121
9
807
702
462
757
709
701
596
670
312
509
787
210
198
45
297
191
575
755
820
821
189
741
198
273
442
340
236
214
324
709
575
483
412
38
240
121
91
836
143
404
697
282
614
895
328
263
439
903
371
259
76
560
0
275
186
442
615
422
8
291
131
936
126
895
326
366
16
417
554
512
821
252
794
788
499
474
403
938
729
774
197
806
687
550
433
225
344
400
647
705
692
130
641
170
378
967
537
746
736
443
258
910
695
405
50
547
879
453
485
609
580
35
767
619
937
200
844
633
952
843
690
996
973
683
167
703
2
704
450
739
147
708
649
195
113
699
94
993
504
579
954
436
966
73
55
255
625
899
889
577
742
931
574
68
615
93
771
617
149
221
708
648
282
709
195
395
760
289
740
265
869
46
701
187
119
757
443
744
8
684
674
103
615
600
171
582
693
294
200
842
868
908
842
150
970
38
897
730
327
638
995
548
36
49
736
156
158
531
252
166
567
926
621
182
878
792
765
571
439
317
765
307
577
608
809
547
998
706
278
325
696
625
874
733
674
962
241
184
845
493
351
412
772
324
946
650
469
63
222
908
732
339
567
310
299
376
209
297
434
839
623
131
465
849
216
491
163
457
676
360
950
379
124
722
703
70
725
172
486
299
432
218
638
999
880
938
727
442
235
514
281
858
645
746
59
213
238
222
670
266
582
620
645
706
695
700
129
772
225
967
71
657
537
709
9
770
647
736
212
235
250
493
445
247
240
505
460
830
79
130
448
14
103
445
72
150
145
553
922
370
520
993
380
410
54
389
180
54
125
392
289
728
885
734
327
477
591
788
659
671
270
107
685
725
552
109
227
50
663
501
772
535
494
152
945
901
541
125
955
19
869
244
99
107
330
426
584
922
566
244
593
189
703
630
266
608
91
494
658
754
995
430
642
842
935
587
743
476
65
698
847
934
294
946
41
624
725
978
898
643
574
843
832
629
825
99
237
917
945
895
23
940
678
665
134
613
605
877
441
670
927
641
956
573
939
350
198
664
680
448
660
254
292
492
883
117
943
121
34
240
368
58
181
398
723
667
11
680
545
805
350
824
446
659
398
385
9
948
402
41
396
62
295
688
906
530
806
202
3
192
442
724
250
975
122
326
643
486
6
540
291
709
364
89
720
762
474
81
62
228
122
459
290
769
147
197
299
305
399
655
498
193
379
100
169
501
778
164
339
137
704
630
198
68
71
918
183
546
999
245
126
121
704
417
890
204
966
541
861
717
196
711
910
575
164
431
429
942
595
768
431
651
751
629
720
822
899
255
720
898
852
847
371
909
616
613
465
582
155
326
299
351
38
561
279
554
345
60
848
940
180
280
592
931
261
664
106
161
271
826
411
123
25
135
32
641
748
497
223
903
176
874
607
566
788
238
120
133
298
968
425
830
600
369
762
862
385
220
375
656
398
138
132
424
273
164
65
22
14
641
277
542
867
236
108
7
474
228
140
124
548
918
955
149
287
69
363
25
289
90
681
687
228
813
463
854
330
881
876
696
874
505
238
741
742
346
749
216
926
241
693
826
159
648
327
799
717
690
824
358
132
857
397
361
23
213
215
705
94
443
401
968
300
991
61
42
689
162
611
615
756
304
793
267
952
121
66
21
811
242
731
944
100
480
657
123
693
224
828
787
19
581
107
319
572
521
362
261
683
325
228
439
629
21
707
933
494
125
306
658
368
37
602
820
517
611
295
211
835
475
350
206
56
810
525
980
331
239
593
366
564
821
806
193
194
865
478
41
342
784
699
62
821
301
882
691
264
177
254
451
652
956
657
60
766
182
40
449
774
633
816
338
806
622
884
353
839
362
394
181
499
93
244
672
746
478
363
10
656
969
813
660
278
470
721
44
4
113
494
778
99
310
469
905
284
705
610
475
419
4
8
918
449
604
591
195
83
306
557
91
628
370
751
906
192
824
302
549
290
148
679
389
810
148
294
94
205
905
921
625
261
930
895
711
534
838
258
969
497
816
60
125
538
812
383
83
988
685
632
278
834
311
667
644
812
314
91
17
571
364
994
832
294
890
543
181
728
154
150
225
322
211
702
212
375
85
295
715
123
279
994
957
943
13
953
755
679
44
124
250
409
471
83
55
713
978
588
441
484
739
19
806
302
73
19
29
511
314
744
634
946
90
591
889
456
544
996
135
941
120
386
702
943
821
757
656
151
698
450
636
437
821
442
91
894
461
120
405
128
216
39
74
307
982
963
763
879
959
898
820
431
636
874
727
457
631
383
609
681
833
597
118
654
39
561
901
853
681
306
981
898
698
407
557
32
722
320
911
33
570
83
816
559
957
543
16
941
927
977
622
760
926
93
767
966
654
668
171
688
326
152
938
376
911
495
409
633
167
672
666
737
756
834
648
65
378
665
6
305
994
981
417
921
74
536
239
80
204
410
768
883
914
706
259
177
201
20
810
368
693
828
458
449
662
106
866
392
123
873
697
470
206
467
743
280
3
334
360
560
744
481
443
10
187
54
187
741
75
349
461
120
529
919
921
543
378
787
936
853
12
985
323
218
452
418
498
456
752
211
368
848
692
163
858
231
217
397
972
644
746
434
764
627
705
685
171
435
473
107
289
485
92
964
704
897
383
554
705
135
117
73
984
809
236
194
393
805
592
365
450
690
151
214
318
857
252
489
292
77
948
933
914
392
898
970
289
281
525
994
416
642
419
752
804
655
947
197
813
539
914
263
229
66
829
899
275
433
388
919
510
688
853
425
81
103
395
722
384
272
69
152
267
488
257
423
496
204
972
309
95
886
572
324
304
753
224
931
187
964
203
697
5
408
474
86
511
222
160
247
494
229
399
113
718
656
536
214
212
860
523
307
99
447
984
403
200
208
687
739
524
890
789
529
650
263
967
161
837
480
408
684
709
159
797
427
168
686
993
380
546
868
688
645
667
672
401
868
232
440
959
108
330
748
990
332
364
309
493
201
789
253
885
499
412
683
278
580
721
624
313
267
492
1
265
160
25
666
380
257
458
691
365
788
440
707
472
804
17
965
5
806
570
243
657
982
926
288
915
999
912
580
266
756
933
883
268
958
901
0
567
359
692
932
499
132
992
971
288
9
288
645
167
858
888
825
193
814
113
108
165
377
40
432
485
973
667
754
931
569
754
498
928
798
782
780
282
774
751
570
135
40
216
303
898
104
128
91
271
593
551
436
970
591
220
455
564
240
561
847
809
668
345
89
466
480
869
101
606
973
671
742
13
239
45
263
696
173
355
319
118
258
107
440
850
680
247
766
920
809
966
81
829
663
170
647
143
392
748
750
365
772
844
730
11
889
993
59
414
348
730
532
959
838
972
161
870
219
927
790
380
245
223
209
909
745
857
404
137
957
506
854
729
350
584
93
591
578
152
5
278
883
889
237
73
861
398
943
433
678
85
813
275
308
375
184
53
584
589
191
541
447
397
271
798
982
716
389
912
220
747
542
103
636
132
528
850
530
471
283
560
908
448
836
216
823
372
270
407
313
813
949
761
562
572
559
544
288
300
808
508
47
351
964
684
483
844
534
365
668
169
278
576
617
466
145
793
838
767
200
152
932
501
913
494
425
824
391
65
476
199
926
524
902
242
560
737
86
446
103
754
615
733
683
584
199
828
377
37
595
930
541
527
431
806
373
209
982
764
274
459
316
200
335
218
442
895
956
881
693
411
635
660
144
670
244
343
498
622
732
445
552
274
324
335
80
698
544
63
814
819
874
130
371
209
349
166
456
657
47
149
68
34
809
212
705
53
555
555
27
287
353
931
913
29
267
346
727
163
761
542
334
635
24
706
196
373
224
652
30
271
801
450
657
962
662
714
15
569
270
395
209
975
326
122
4
945
820
84
109
581
978
795
568
2
853
764
728
77
416
110
348
569
561
6
531
223
720
899
793
342
294
354
669
972
828
26
270
649
110
731
230
440
526
151
442
380
915
522
457
684
633
158
253
194
516
137
769
588
36
914
283
682
268
952
6
97
978
276
746
440
7
328
880
534
831
675
266
747
197
723
431
182
233
36
376
749
173
498
690
561
412
973
243
33
277
250
482
608
878
580
48
886
260
929
772
92
956
38
839
153
113
622
688
699
10
416
800
536
914
490
97
679
815
693
64
93
943
546
53
173
126
101
59
738
382
183
830
338
573
21
844
687
643
532
738
6
948
538
542
215
381
639
894
196
332
958
641
627
856
694
801
334
148
212
72
530
396
903
221
969
924
417
8
920
949
98
926
249
637
820
464
370
811
710
566
144
20
560
123
876
606
276
210
106
841
635
637
589
538
210
910
814
627
271
734
928
369
12
529
358
832
994
728
644
56
647
140
77
207
615
953
165
244
516
272
85
151
261
674
41
471
584
855
450
855
942
730
577
954
259
935
139
605
664
135
662
311
627
91
870
242
44
35
486
912
307
923
63
568
949
104
391
886
312
193
93
254
275
670
560
887
606
51
844
622
186
858
285
813
949
155
408
994
542
246
906
850
522
322
770
471
778
514
357
90
59
451
344
335
121
905
574
79
956
418
701
495
277
338
660
226
493
68
572
36
667
831
238
189
505
360
660
283
226
370
374
286
821
718
973
294
975
547
374
284
317
427
779
594
766
791
173
611
860
97
647
879
928
237
420
433
950
80
717
176
450
443
462
623
161
787
918
489
686
644
773
4
71
904
950
189
695
123
801
907
221
800
138
501
390
558
287
340
991
356
516
441
799
331
417
312
470
335
801
157
331
926
513
402
182
463
944
230
939
97
137
512
897
628
13
639
186
652
979
177
8
848
971
159
179
388
472
1
75
625
158
406
904
671
160
86
487
104
316
426
201
806
938
451
434
303
90
620
956
422
150
316
270
121
828
801
509
300
802
936
277
313
342
181
984
502
268
471
959
936
249
160
742
187
963
528
491
406
501
799
828
651
467
450
772
295
251
633
947
405
921
225
718
263
406
55
117
26
878
76
963
128
589
57
667
552
586
510
958
87
661
138
90
129
588
214
776
191
199
724
949
120
949
19
735
707
426
852
734
305
281
49
785
870
106
452
774
44
963
733
483
624
223
573
105
812
787
882
355
338
958
304
458
259
676
193
318
102
46
52
407
679
453
544
549
560
349
323
956
312
408
440
288
632
13
746
796
153
980
503
491
938
160
950
549
836
495
867
938
893
272
698
572
725
242
121
637
943
797
594
255
205
34
896
189
399
994
337
552
326
841
396
264
1
698
165
189
193
384
479
87
656
177
11
734
772
133
371
715
282
317
323
839
703
571
29
103
917
718
7
243
559
403
859
912
101
24
453
295
408
933
734
417
462
745
151
586
230
874
302
512
192
977
704
895
900
733
350
817
803
358
60
715
761
919
979
863
295
433
510
55
366
596
472
180
693
623
767
924
850
421
788
42
398
492
289
650
577
640
467
381
350
879
448
111
150
427
326
445
860
188
500
578
784
325
759
478
300
878
754
150
299
894
544
49
739
186
699
668
178
518
401
528
397
849
991
547
277
318
344
137
858
196
68
995
521
179
825
822
57
931
324
356
825
869
757
564
55
456
233
233
974
634
113
723
836
104
270
113
774
966
602
633
162
670
628
36
201
805
210
258
736
534
966
561
755
723
478
810
531
63
395
505
49
508
580
885
613
850
350
739
816
953
372
331
975
352
367
177
157
577
787
245
463
106
159
219
181
637
381
713
52
129
570
101
989
151
339
954
353
689
694
522
994
66
853
322
771
572
499
280
501
638
526
316
744
685
535
278
674
269
991
726
750
913
179
739
64
870
694
418
912
740
292
906
158
145
228
929
69
79
562
570
70
88
886
166
125
774
444
151
395
435
229
145
701
760
236
765
631
282
535
543
22
827
801
181
324
30
110
393
461
672
315
531
112
554
698
589
680
494
740
75
930
321
572
631
82
160
748
65
443
636
608
465
815
409
646
140
791
109
885
253
133
553
136
246
459
834
187
139
329
280
566
611
601
138
594
35
298
694
100
93
330
60
559
146
470
205
638
613
666
875
218
800
428
355
398
887
541
585
26
222
217
944
833
171
82
779
206
733
826
659
826
156
719
737
654
541
295
644
155
961
520
373
761
948
728
511
836
622
449
214
844
666
159
30
189
593
161
396
678
987
407
857
496
126
594
150
668
889
795
175
203
667
548
316
615
629
828
803
251
277
370
447
295
881
477
485
826
639
233
505
626
640
362
474
766
308
977
786
550
124
961
753
791
862
69
406
843
249
562
446
526
932
893
174
165
371
659
991
362
244
496
340
884
210
815
2
871
792
789
421
916
750
526
707
964
595
465
807
845
379
253
723
311
147
897
476
870
908
468
232
152
316
924
36
879
739
39
750
883
180
523
151
930
49
210
247
644
676
54
841
55
308
917
719
807
166
547
677
75
367
261
579
36
537
968
915
277
359
665
512
539
188
664
821
237
874
68
233
902
123
427
310
783
696
29
590
862
928
619
289
296
232
869
332
769
189
599
398
548
264
911
87
804
927
260
393
801
329
978
56
804
405
366
587
453
747
529
316
675
148
957
323
732
178
7
501
367
606
252
915
222
163
354
378
90
615
771
243
296
102
299
100
859
665
39
313
412
920
981
440
420
938
115
152
117
123
5
484
81
257
752
656
772
106
34
862
73
158
458
369
260
757
821
119
775
212
432
539
484
413
979
904
352
95
408
821
570
414
305
651
23
57
307
796
516
694
10
941
852
468
311
112
578
484
583
353
49
16
892
533
781
224
790
485
671
198
306
241
964
964
244
988
373
904
784
889
598
794
831
802
615
494
266
193
330
849
546
731
217
790
617
999
366
407
836
389
605
143
982
922
107
227
910
480
483
694
722
433
840
905
587
455
751
853
648
433
54
546
165
272
689
782
623
407
541
459
797
498
602
779
420
61
358
330
894
841
376
968
626
217
873
213
672
976
66
673
409
473
571
926
745
260
60
720
20
601
179
817
100
134
948
520
547
307
203
441
500
579
761
479
796
986
692
821
962
111
494
724
584
65
2
681
678
63
401
698
664
932
867
116
418
815
637
966
474
840
759
327
771
873
158
568
859
202
741
174
313
235
898
249
652
900
282
682
315
35
732
980
320
599
448
738
767
85
56
593
277
168
272
49
41
430
969
900
985
710
426
298
297
324
900
301
577
534
336
892
570
68
224
890
20
673
980
139
110
37
84
740
205
357
789
598
139
110
850
124
820
277
775
469
601
27
122
530
561
458
775
483
527
999
373
899
24
354
38
135
743
122
875
300
831
16
898
323
478
748
447
650
25
574
119
979
953
241
861
515
700
636
998
579
988
724
478
12
430
868
499
173
990
726
825
174
94
723
497
572
823
296
222
849
223
693
180
176
935
41
691
987
678
42
918
666
766
396
30
548
616
530
73
606
256
898
132
351
621
629
923
444
278
498
645
501
191
825
677
478
867
369
465
897
763
735
563
881
483
593
429
99
475
502
58
732
400
190
435
373
820
710
169
450
208
167
951
400
992
628
230
211
349
48
108
112
783
23
993
267
969
774
366
444
628
424
528
380
615
963
753
787
674
275
237
234
442
188
986
786
168
217
998
518
265
458
982
48
482
976
315
803
102
34
247
731
458
776
111
425
91
217
564
117
492
153
352
286
693
338
72
862
555
422
380
820
881
714
221
363
42
536
166
145
570
765
876
381
893
339
806
337
908
723
454
752
876
158
38
570
497
463
784
404
885
516
577
766
230
798
481
273
686
999
418
609
765
646
990
10
337
148
347
246
223
802
998
100
312
389
22
809
852
806
566
737
322
495
856
552
293
337
825
331
337
595
940
454
593
282
464
931
783
164
529
6
318
879
458
630
268
480
440
472
286
358
210
960
853
66
865
498
755
42
829
92
638
122
898
583
756
363
514
539
879
43
898
197
275
356
827
543
189
619
16
475
977
578
788
182
996
653
680
751
695
862
196
685
984
94
269
740
809
135
632
688
531
882
885
806
238
713
349
427
684
717
255
662
647
395
196
643
48
877
747
95
739
295
781
75
389
402
167
551
537
151
239
68
33
477
874
272
542
576
51
226
293
658
240
941
53
437
936
453
666
35
549
757
330
682
832
72
84
351
623
621
503
214
690
536
691
916
160
233
492
212
812
138
222
404
431
628
841
367
81
859
755
982
616
85
664
800
157
100
152
132
722
655
347
764
191
38
680
704
624
525
268
788
663
490
192
94
118
386
813
552
245
568
534
862
6
551
662
515
651
814
648
725
821
995
489
365
385
522
69
361
399
337
149
62
827
694
156
298
80
969
202
677
890
736
539
896
639
554
411
291
720
59
16
542
406
858
907
144
732
976
505
131
665
7
193
844
53
701
494
133
22
696
810
912
785
702
808
424
256
572
715
328
983
84
870
390
294
129
886
26
457
391
509
122
750
702
319
803
755
813
288
777
510
451
690
295
153
850
719
761
422
787
441
406
223
312
148
517
793
34
895
251
777
404
725
880
458
44
683
213
858
972
342
368
775
32
15
928
235
734
41
657
873
482
415
448
146
915
965
940
949
212
543
79
616
268
959
426
313
994
991
171
966
334
891
93
718
906
373
953
992
414
963
218
249
730
666
747
646
984
39
947
196
582
26
165
851
337
943
516
332
935
687
650
269
930
744
339
836
117
293
828
884
608
46
485
338
65
232
336
49
624
284
245
206
662
762
409
352
706
925
684
641
964
686
262
894
782
601
730
252
246
911
136
206
309
973
897
374
557
233
423
181
517
21
740
532
783
149
884
841
75
920
482
39
606
96
934
741
50
16
993
648
927
481
855
589
454
104
963
11
337
739
545
207
760
285
739
895
434
975
737
861
895
571
253
853
20
187
594
70
555
587
70
835
68
277
424
522
381
387
886
719
126
783
926
238
68
17
134
854
992
871
716
239
794
969
92
814
508
687
884
415
274
307
250
695
584
674
569
966
62
807
685
540
590
963
779
10
332
913
865
676
136
933
915
282
254
7
97
114
694
333
529
321
640
780
368
225
806
937
191
220
745
228
761
335
543
892
346
227
157
563
903
293
496
818
575
102
177
24
216
224
358
97
897
998
229
265
575
36
202
766
256
299
346
17
635
241
261
333
468
418
248
371
63
96
541
991
198
719
15
766
943
725
863
840
76
93
105
651
129
659
770
737
959
116
107
946
358
368
279
178
787
879
550
202
975
443
193
173
162
561
939
457
286
154
297
362
599
754
366
80
766
136
818
725
604
925
671
314
293
302
493
432
181
395
987
156
838
180
681
1
93
972
458
380
126
108
94
726
214
460
806
980
948
976
705
553
901
728
219
547
382
712
331
915
107
318
423
298
499
104
299
944
76
109
324
555
569
771
633
784
583
791
764
532
768
822
437
21
902
8
568
285
721
900
200
180
570
624
478
421
80
129
366
509
239
42
64
160
813
49
944
749
840
61
633
960
883
70
982
785
78
902
422
151
154
623
332
725
599
162
146
679
292
512
188
883
555
604
43
720
653
988
469
846
49
102
806
284
524
140
421
955
43
844
106
197
467
790
274
418
305
421
97
597
285
638
832
840
242
875
913
248
215
382
446
616
837
252
900
361
745
674
316
788
518
775
337
337
917
612
755
574
385
204
523
670
842
355
863
437
231
776
37
798
510
483
415
347
87
667
709
832
341
377
972
211
504
310
548
774
274
303
348
659
508
872
681
702
579
544
139
162
672
176
961
183
11
728
530
99
747
591
931
89
969
904
652
825
566
201
599
840
504
300
851
364
524
884
67
455
429
558
618
101
87
579
636
98
659
167
197
406
758
481
847
79
385
500
905
303
701
856
495
557
508
698
922
384
582
341
840
363
899
458
817
338
389
453
437
48
972
986
454
731
467
302
810
204
802
67
859
855
276
354
412
784
52
334
169
987
27
361
350
927
819
167
617
208
973
54
608
945
393
62
28
212
716
839
769
870
258
628
725
534
335
138
671
739
824
192
726
204
553
429
483
724
596
100
284
921
507
892
867
900
306
895
112
23
86
233
893
697
862
971
583
197
461
254
288
637
798
15
841
703
444
324
427
392
425
711
314
932
955
533
184
262
428
648
285
867
882
530
564
744
501
499
293
962
106
933
952
904
948
793
960
744
118
387
137
895
451
803
827
406
336
363
668
116
11
305
335
893
836
251
989
689
751
634
4
857
568
956
113
516
749
73
613
219
813
750
114
264
553
293
22
241
8
43
357
20
348
693
913
536
944
903
226
47
889
582
904
457
538
18
326
639
443
939
211
256
41
677
520
594
323
895
187
331
938
544
351
638
589
265
175
886
520
753
933
409
335
190
219
225
208
545
864
651
836
427
908
877
105
780
823
428
27
10
759
317
906
111
956
848
728
131
734
600
236
19
9
571
209
580
148
769
477
364
421
313
792
681
542
897
813
717
325
193
727
436
510
986
899
466
186
627
949
272
579
185
291
941
108
853
521
608
622
999
973
395
664
765
76
207
662
242
924
339
435
4
775
945
342
27
