180
937
693
596
956
464
155
370
572
893
586
915
943
53
159
870
454
225
910
432
498
457
94
300
537
347
527
479
324
213
912
857
502
605
805
458
69
960
828
994
205
414
909
148
819
420
370
274
645
280
58
496
90
504
796
979
851
323
810
175
888
722
384
742
680
189
200
101
149
380
95
707
794
356
207
614
776
578
240
774
210
298
270
652
802
418
631
653
741
441
180
981
516
917
75
548
106
275
1
608
655
449
667
801
805
874
767
934
804
7
708
367
657
330
19
811
748
3
816
841
796
349
174
312
266
249
212
372
876
566
332
531
15
999
684
172
226
804
106
30
163
166
397
821
848
769
632
596
772
801
789
568
150
315
233
416
564
445
140
440
11
825
323
378
176
360
551
402
164
9
785
327
528
534
500
376
303
485
325
75
286
114
644
788
782
877
556
346
674
48
139
38
873
814
416
50
174
319
804
690
329
589
18
857
124
870
585
427
355
910
503
993
377
499
781
159
376
337
857
402
386
996
440
611
811
209
13
337
528
818
28
209
407
398
418
883
268
4
311
976
914
166
321
643
665
455
802
393
144
660
795
882
8
588
494
819
797
507
157
325
325
537
887
85
935
305
968
555
309
631
531
576
797
205
571
814
660
374
559
804
386
707
687
394
295
533
566
92
40
75
769
718
612
656
803
547
314
123
102
975
755
986
903
904
543
475
71
203
201
630
7
587
337
46
981
984
579
899
428
620
974
550
690
586
558
845
485
872
968
940
848
75
926
103
332
821
578
403
24
779
385
383
366
75
430
700
59
361
599
840
333
926
390
23
512
948
868
998
821
189
938
21
616
216
124
948
37
55
703
413
834
89
796
553
164
578
605
575
940
556
415
273
482
805
649
347
754
869
345
927
410
635
300
27
851
776
975
240
831
31
653
18
120
801
571
636
732
528
211
672
84
979
297
919
136
298
266
242
168
963
169
578
598
821
957
801
598
285
393
429
316
398
447
436
199
370
424
283
898
635
307
335
966
605
254
103
255
872
345
423
835
867
354
785
688
311
938
286
596
331
716
912
729
515
700
280
886
124
564
784
112
871
119
78
828
725
533
84
597
879
859
784
746
565
921
434
877
859
721
825
190
789
90
271
304
142
552
190
267
468
975
731
339
446
161
520
524
695
604
473
574
815
258
320
381
531
106
610
391
827
435
933
968
877
205
273
20
109
463
639
929
790
370
620
237
531
140
113
226
96
586
152
912
196
472
645
728
931
255
471
110
42
404
79
920
961
352
292
422
815
931
351
958
301
972
195
184
112
660
411
209
246
563
473
443
388
470
523
671
725
994
781
119
750
860
39
712
212
683
134
380
614
486
338
915
810
885
100
922
545
863
483
143
778
308
938
518
778
461
189
855
807
971
975
558
831
366
622
396
50
108
128
664
946
466
932
756
351
384
31
248
247
514
391
377
175
330
896
953
143
85
809
303
408
136
213
592
502
835
988
552
943
116
569
242
934
501
998
637
237
29
885
836
896
628
213
71
310
109
24
806
547
185
109
955
673
322
899
176
509
887
80
452
355
1
46
641
502
45
278
91
74
515
927
970
144
141
393
454
602
770
260
149
955
721
457
629
43
356
157
552
596
589
357
303
591
403
945
445
800
223
537
875
739
464
197
235
605
943
689
208
713
302
709
668
23
166
649
419
875
158
323
471
748
680
774
339
436
719
784
236
295
321
463
386
138
13
621
743
956
310
303
669
964
13
689
340
179
691
111
54
849
434
877
949
467
4
640
903
75
425
491
370
98
955
756
236
968
729
332
276
392
635
945
356
648
634
48
180
677
