57
697
872
491
177
677
74
860
48
455
135
959
295
232
766
395
758
97
28
577
48
421
384
76
664
790
673
372
923
789
45
332
839
269
824
16
298
898
877
347
353
364
658
1
949
424
748
707
873
128
284
922
550
20
350
214
811
375
939
86
165
336
418
356
957
242
372
255
140
601
954
846
966
964
847
915
740
595
622
614
723
258
888
625
630
238
192
793
966
131
879
483
819
298
839
776
540
211
383
33
165
338
879
483
654
726
398
395
673
372
9
748
982
249
374
612
839
566
758
805
49
637
288
868
935
127
996
476
691
379
509
856
69
740
691
724
466
441
119
491
813
480
239
147
729
613
111
920
531
869
726
580
507
14
800
794
142
148
622
185
880
483
393
301
223
84
25
689
525
496
532
690
328
772
189
409
737
300
330
621
522
56
553
29
422
354
175
916
854
798
101
734
281
494
36
505
578
413
546
455
262
79
145
942
851
334
704
940
987
34
561
509
442
115
890
864
821
65
133
27
863
234
114
145
729
150
650
659
915
196
115
529
275
612
472
478
947
528
771
934
562
684
795
356
151
685
572
972
750
705
352
614
940
466
759
21
968
409
680
235
957
147
765
585
760
589
415
59
117
186
345
31
871
140
739
22
825
311
347
575
369
699
189
309
517
300
682
485
61
714
720
19
862
485
604
974
426
19
385
543
558
730
926
781
870
665
803
47
977
502
974
698
553
164
7
70
816
41
555
878
755
276
897
969
113
853
295
892
224
680
787
782
410
714
563
632
379
719
31
708
221
6
406
775
522
765
845
338
158
753
216
914
381
465
235
846
670
531
738
895
211
526
29
974
592
593
958
323
664
342
32
885
348
790
12
222
908
210
560
418
963
129
332
696
946
920
542
617
451
281
512
14
159
541
340
751
486
651
74
150
993
458
388
693
601
400
915
509
610
827
279
925
956
612
621
255
884
164
872
335
797
736
701
956
277
42
707
116
45
781
266
38
240
654
731
193
407
998
54
369
825
333
295
134
945
268
389
829
784
261
516
581
997
570
537
626
964
596
94
9
730
361
399
322
367
482
515
126
480
569
496
305
902
143
439
200
411
828
381
196
441
898
129
790
468
19
417
784
615
511
793
697
224
192
19
944
674
534
422
506
103
918
811
6
413
603
558
177
431
939
725
225
837
854
15
657
225
432
441
841
296
586
890
872
130
910
168
156
444
591
662
900
861
826
258
627
429
816
804
212
755
529
437
945
735
453
954
961
237
748
154
533
686
44
758
817
306
926
325
103
869
988
355
83
814
613
710
243
781
514
455
888
395
893
185
482
698
492
443
935
240
949
469
278
346
579
95
652
857
421
755
727
761
110
810
575
75
520
170
208
386
977
97
781
222
282
263
920
774
59
856
366
360
677
645
706
608
92
359
465
865
466
544
626
929
354
553
356
226
723
565
612
53
662
745
275
296
361
548
423
772
756
789
132
785
786
839
393
879
550
210
744
368
755
723
649
109
276
6
688
352
571
300
405
585
398
32
881
111
932
656
883
688
798
15
825
584
206
570
815
108
781
912
477
536
635
126
997
911
484
685
615
407
338
20
992
736
405
226
847
337
882
82
378
680
449
555
617
656
126
432
764
907
344
593
443
331
72
440
243
556
126
858
316
816
231
308
552
988
886
751
325
769
185
55
801
634
611
418
290
737
203
407
996
899
352
439
231
424
231
826
333
709
36
649
525
267
309
429
255
196
532
933
317
717
340
118
352
951
889
994
40
444
401
36
343
106
827
574
530
411
752
215
120
789
216
998
408
526
427
664
74
312
949
391
29
289
861
381
593
750
728
633
546
481
22
890
587
849
816
470
612
569
685
85
358
254
83
766
780
862
782
854
174
83
597
204
725
458
937
318
561
665
303
107
147
325
349
734
527
518
204
139
87
242
224
797
496
659
915
628
522
50
834
48
133
431
604
858
889
542
528
802
559
832
910
706
509
611
793
36
129
349
528
216
943
104
365
439
116
281
419
990
683
253
38
168
684
643
379
926
537
907
728
96
91
990
155
601
602
300
989
731
1
517
300
945
974
665
736
90
298
156
80
333
761
470
502
446
465
881
724
2
788
804
451
232
795
606
833
397
906
822
480
907
692
780
204
666
798
941
108
448
449
188
134
210
10
636
8
476
869
732
478
9
537
929
241
684
887
74
433
145
897
913
405
589
46
609
607
196
550
715
644
999
903
130
562
913
766
570
741
635
303
220
645
192
501
886
876
389
313
309
886
210
574
291
151
620
901
758
816
803
473
813
155
728
943
717
993
62
639
735
697
942
307
694
486
808
933
362
549
246
23
436
456
598
79
607
218
332
717
387
136
190
200
643
918
495
712
263
557
351
998
607
646
305
301
132
466
234
847
367
480
870
155
288
820
235
247
391
919
964
778
55
506
330
50
424
825
114
40
383
466
38
990
112
696
643
596
514
878
443
881
710
666
389
999
486
976
246
877
895
211
7
303
717
337
353
494
515
468
534
898
286
924
240
750
620
235
346
486
465
142
368
176
808
109
175
646
85
421
524
980
984
883
283
54
221
637
548
736
457
434
986
743
710
578
493
331
813
191
817
279
333
537
807
141
646
982
788
731
755
664
64
92
547
347
146
120
336
46
856
145
480
194
888
190
124
733
873
938
925
43
569
258
932
376
752
931
710
892
14
465
908
78
909
455
778
55
928
114
101
136
260
933
331
500
476
455
234
701
745
511
96
666
121
29
394
225
960
104
117
326
922
25
405
831
833
183
887
761
649
340
897
909
274
580
762
102
388
996
803
133
859
900
800
980
281
546
206
593
651
675
919
925
701
676
756
886
859
995
647
861
336
896
770
962
477
532
64
217
880
219
350
739
119
502
72
400
49
630
993
52
305
265
977
358
941
85
244
153
433
243
14
121
140
136
83
969
669
499
186
901
718
888
993
190
743
417
942
144
47
288
196
704
553
525
63
846
610
307
999
43
551
13
516
43
150
599
12
171
450
550
72
521
438
417
711
533
834
5
677
881
293
225
586
198
750
1
45
713
660
44
108
563
58
625
606
560
576
970
83
27
520
507
548
311
925
611
196
759
616
874
993
262
99
931
460
202
284
505
915
944
550
375
508
960
0
466
872
577
437
955
956
309
462
856
972
387
819
169
499
435
43
844
697
494
127
510
696
411
15
963
355
565
339
215
877
339
682
749
268
471
704
576
132
167
432
105
906
251
626
405
39
21
601
88
515
728
598
564
139
614
527
847
531
866
62
409
558
96
158
826
567
863
403
700
382
187
157
288
439
783
46
830
804
647
918
319
728
869
235
867
483
763
66
14
981
129
775
539
577
934
718
145
149
121
197
531
660
706
819
451
489
217
281
293
865
552
964
593
421
200
812
256
315
879
270
296
360
46
836
937
332
554
434
481
27
983
12
39
689
183
491
178
401
124
823
618
676
140
563
449
692
727
705
7
606
328
655
318
726
491
608
58
397
42
891
776
378
255
816
67
438
307
598
191
431
421
161
460
913
76
909
605
804
967
612
762
295
268
81
21
111
689
431
861
83
322
637
461
929
453
881
367
112
479
911
544
900
424
356
814
501
265
771
657
584
384
419
879
4
852
252
467
893
35
328
977
709
966
790
638
771
671
358
884
150
269
428
403
693
136
569
546
753
340
203
338
76
623
217
432
827
822
900
721
857
580
698
567
546
840
557
318
512
915
202
14
536
982
417
582
470
986
128
223
327
332
561
755
307
131
188
134
953
440
207
162
20
257
81
567
98
639
237
610
554
791
624
91
125
394
673
595
380
153
818
59
837
732
815
496
863
355
983
168
795
190
330
815
448
412
734
546
403
323
508
309
114
484
752
591
878
777
538
611
931
709
22
120
441
189
617
304
544
600
472
339
142
154
507
590
918
241
488
673
565
348
983
31
833
87
975
63
865
513
26
148
222
49
268
15
238
237
671
135
837
143
826
980
650
333
922
568
575
763
594
492
111
577
875
296
664
850
712
881
364
738
29
938
139
650
954
730
887
625
865
77
121
691
409
123
25
331
43
952
446
637
796
558
214
671
206
231
522
918
112
238
9
494
528
148
144
834
230
31
812
95
108
933
139
517
408
516
201
451
820
647
89
616
557
655
287
764
238
161
34
703
751
43
197
280
544
693
114
774
76
926
222
185
211
361
54
971
229
607
423
49
607
864
665
164
871
304
280
110
818
315
165
569
358
714
849
902
407
316
677
483
594
899
20
158
612
427
129
841
34
904
890
641
120
907
158
992
563
438
454
381
753
619
951
112
333
152
366
92
820
395
575
767
646
596
925
258
23
406
451
409
663
693
403
783
600
561
775
164
351
581
897
105
200
200
569
885
705
287
977
525
683
553
292
329
501
569
940
876
328
391
285
991
85
688
126
37
601
902
553
953
835
451
410
36
651
979
273
356
266
603
234
301
156
878
631
