980
130
951
778
246
347
157
17
674
12
553
37
664
358
104
890
0
572
312
587
428
219
706
93
409
660
219
805
747
216
180
79
699
131
209
297
830
366
314
504
730
867
894
395
577
998
285
578
923
949
517
351
520
576
796
930
236
16
735
335
584
267
766
283
750
975
581
580
342
247
437
424
467
331
819
44
681
456
974
604
406
492
307
278
420
104
208
8
120
295
343
704
914
109
340
664
436
273
597
130
520
34
555
339
365
374
384
398
831
710
3
589
554
310
867
974
766
428
982
886
723
677
591
990
138
283
654
575
556
251
705
428
285
260
768
2
635
504
401
818
214
756
407
121
418
274
95
185
702
430
423
778
459
366
120
598
649
774
173
205
26
230
986
663
491
754
18
478
258
771
296
824
527
703
945
297
329
393
482
384
175
906
514
634
624
634
232
274
408
757
831
786
340
817
802
831
571
820
661
181
591
957
358
470
12
655
767
693
48
602
77
575
860
943
210
484
577
794
758
338
904
942
476
244
759
278
427
683
450
88
864
41
397
574
863
409
230
983
102
630
585
532
206
797
827
768
633
757
914
744
95
170
686
923
414
445
554
193
128
4
281
345
398
678
271
261
439
501
596
894
484
181
778
42
330
605
162
964
362
76
708
809
599
394
85
13
191
639
207
672
995
840
17
745
871
640
7
310
142
955
556
978
137
334
20
819
292
534
783
654
962
491
816
561
237
901
927
429
540
486
101
535
326
470
281
197
110
640
860
604
595
768
582
84
103
954
904
747
488
39
401
451
531
217
364
120
118
291
549
10
777
2
898
104
472
531
653
935
523
865
539
470
634
474
555
89
780
811
836
621
202
589
424
85
159
788
206
277
80
107
640
857
110
538
313
934
69
967
869
592
184
761
62
170
587
969
259
367
132
447
988
335
37
412
772
196
553
978
825
633
86
465
490
548
3
156
482
424
475
352
368
659
465
783
830
52
752
441
419
237
889
760
924
278
524
696
474
77
675
651
710
113
469
553
661
824
709
495
249
184
199
617
195
664
400
25
716
505
467
488
94
708
248
370
986
124
66
812
202
93
463
264
558
932
169
571
757
878
67
358
414
266
327
610
931
80
987
999
937
806
487
31
514
87
753
852
212
819
664
766
265
480
30
823
764
552
395
873
430
814
583
197
80
911
159
363
343
146
363
280
305
850
663
171
938
416
24
502
235
40
268
852
872
650
28
989
202
775
214
985
589
798
534
669
61
693
385
404
191
748
684
496
598
347
20
888
763
44
390
350
436
10
203
661
661
231
650
215
358
216
200
947
14
734
968
427
779
353
831
971
101
867
819
52
214
839
940
329
235
683
32
24
693
235
685
706
818
687
922
176
903
474
475
270
209
443
697
988
149
529
311
250
396
131
654
963
970
947
644
558
630
676
582
675
263
267
382
81
954
304
609
857
778
436
127
339
880
177
680
29
706
991
631
454
122
638
417
445
585
414
3
215
90
937
890
354
204
624
787
510
280
749
367
411
185
847
750
417
24
782
798
82
774
430
536
248
68
306
45
5
720
400
220
162
337
462
516
541
87
304
51
719
53
771
130
590
970
233
8
346
15
806
428
141
588
316
390
8
974
787
13
46
188
233
209
525
48
77
67
487
733
470
206
138
593
689
729
563
922
737
261
289
543
689
431
484
358
173
492
684
960
506
83
148
91
644
26
491
721
93
978
455
915
537
593
509
226
322
424
148
411
686
437
307
727
220
791
437
393
283
122
706
141
205
206
233
201
232
724
922
677
55
729
593
592
323
454
818
997
878
966
409
564
755
716
644
976
507
81
721
142
555
427
284
112
986
869
313
218
945
236
896
0
965
841
592
640
295
410
990
525
728
751
442
836
819
86
164
678
167
885
820
75
665
456
187
651
325
501
221
271
89
117
271
406
310
216
399
605
978
389
131
59
140
573
895
959
11
411
637
530
648
809
605
313
266
793
316
591
646
890
214
735
359
838
493
670
54
892
627
384
633
758
443
773
683
690
84
694
101
73
577
750
883
182
415
501
327
84
92
973
974
659
60
333
497
554
355
903
798
983
287
432
741
731
205
777
773
642
823
227
715
400
977
950
935
744
451
262
180
896
236
154
555
648
840
52
554
195
955
353
178
594
785
272
677
342
49
451
984
224
678
52
977
7
354
912
103
158
174
284
54
762
790
961
411
630
365
965
826
672
318
356
266
455
628
944
798
29
747
134
254
777
538
583
136
893
495
239
403
669
875
457
432
666
770
195
296
135
512
474
807
183
831
425
638
811
369
436
841
468
923
447
245
461
30
733
706
877
973
109
546
848
918
330
866
688
877
163
823
390
989
982
573
172
408
211
984
129
0
177
950
923
976
547
384
358
281
443
235
606
552
781
806
823
464
673
511
341
188
687
731
177
21
304
350
429
868
334
911
868
863
213
791
839
760
527
197
41
322
432
647
875
565
454
698
29
127
561
371
315
248
454
844
270
759
194
51
979
880
314
847
743
527
990
934
288
869
131
681
192
915
329
419
481
135
117
510
614
30
233
281
279
688
125
901
799
672
304
778
552
619
625
648
498
967
934
786
836
66
820
28
333
149
447
814
636
916
677
250
947
262
531
578
950
656
831
101
680
135
879
233
106
856
233
605
823
167
743
12
585
563
392
919
712
192
85
700
460
762
950
407
377
481
337
679
490
168
781
170
656
660
755
762
869
340
367
44
860
111
56
445
26
801
716
739
993
802
791
453
916
742
213
293
575
902
973
417
423
106
588
79
118
695
193
987
388
561
384
248
24
440
693
50
593
410
141
586
564
933
392
480
27
605
126
602
507
451
20
930
557
960
361
675
7
555
663
395
468
47
643
492
839
689
894
433
451
388
371
367
673
763
847
700
368
325
654
228
776
26
510
333
986
872
9
346
779
24
741
247
71
737
91
262
778
337
695
581
725
419
948
750
182
147
802
903
473
457
483
249
483
993
935
822
217
944
168
996
968
261
243
391
998
686
653
128
24
701
709
749
120
9
852
654
157
654
557
982
111
392
583
947
386
518
769
955
462
937
304
782
198
899
173
549
586
827
677
610
880
739
711
0
748
563
6
905
218
564
239
681
308
823
628
46
341
749
2
804
38
306
938
237
205
112
138
791
291
815
753
171
906
465
523
655
380
529
912
950
445
152
984
754
975
612
152
668
714
154
824
752
812
763
341
370
875
479
513
518
647
267
41
553
84
564
560
464
445
473
767
243
977
751
349
304
715
501
972
429
656
797
182
820
912
523
190
139
355
704
657
2
323
698
555
407
614
468
223
411
941
990
654
270
93
3
926
809
505
898
590
513
47
124
685
959
0
876
98
355
932
107
357
255
157
264
14
123
732
589
535
25
932
541
647
25
545
573
834
402
824
777
267
871
901
952
183
901
180
633
256
112
93
965
719
250
582
85
374
314
675
261
692
607
802
691
984
347
265
171
101
441
948
368
312
849
673
847
751
853
481
359
318
574
325
37
176
907
123
550
573
150
811
617
109
966
309
93
313
926
264
767
367
212
487
31
414
160
879
517
366
712
876
684
638
201
73
814
460
548
717
34
698
880
3
807
846
312
253
160
590
517
279
957
82
766
341
848
279
220
365
997
284
241
681
922
795
106
736
255
655
453
289
705
686
645
865
532
957
118
44
900
987
323
209
69
442
550
269
73
122
634
70
406
876
103
328
671
209
417
926
216
222
568
922
908
213
787
441
522
257
485
422
244
161
632
666
603
534
935
676
657
570
98
63
798
201
744
469
762
513
747
979
87
667
901
348
232
40
141
107
297
978
529
893
139
513
559
94
400
495
122
57
417
220
472
215
773
568
36
536
433
783
515
521
803
768
221
35
160
362
142
809
340
24
702
832
889
262
926
641
109
401
698
526
973
523
93
747
91
129
635
525
264
502
398
67
270
619
455
782
981
949
591
673
325
293
505
567
555
784
208
16
185
259
542
510
782
635
257
873
116
892
750
381
394
148
800
16
119
255
798
452
557
741
126
234
35
631
153
942
767
362
959
304
621
853
815
755
841
72
980
957
317
731
338
63
231
491
432
351
98
582
803
655
324
281
242
711
265
395
653
32
757
964
337
730
170
152
485
11
576
818
320
893
549
659
309
132
502
741
835
600
323
991
256
647
272
850
358
537
245
364
570
355
680
907
85
850
411
923
213
987
741
534
233
642
545
542
774
47
283
610
647
606
953
255
606
225
105
964
763
351
680
685
58
361
944
143
563
355
418
777
694
511
663
927
505
208
469
632
607
104
242
254
711
547
862
317
772
319
633
887
670
314
572
80
27
868
576
590
223
994
719
918
858
382
197
363
942
19
995
549
123
589
156
186
136
18
503
261
337
489
148
360
155
73
440
534
941
16
124
517
363
844
787
221
578
984
936
521
3
284
70
127
225
226
313
714
596
169
975
934
10
475
294
517
548
86
51
490
103
175
359
466
371
146
39
302
482
327
823
486
611
893
965
189
472
630
903
68
151
878
354
161
353
0
678
254
87
729
96
542
257
455
360
980
953
399
282
435
78
105
273
42
351
238
231
175
221
134
595
372
364
950
534
69
950
564
323
37
294
771
579
903
226
939
883
531
690
518
967
769
975
240
163
326
831
394
853
52
880
449
424
244
399
310
665
701
875
341
91
521
112
22
424
691
314
659
222
4
177
541
125
505
134
288
831
965
34
37
369
914
486
145
510
237
456
176
938
331
517
381
204
629
404
980
672
718
991
895
74
521
788
200
26
922
840
209
887
227
246
608
141
84
754
652
321
210
180
612
893
697
345
97
678
749
429
703
467
420
598
542
941
386
94
967
661
286
177
900
513
423
509
7
508
263
659
181
825
191
145
718
240
491
167
918
592
596
973
60
16
571
954
958
310
48
925
971
686
102
223
200
878
732
207
738
995
218
271
172
409
769
890
649
612
57
919
204
5
893
616
22
816
570
332
478
970
257
801
657
712
25
209
942
109
416
32
105
986
303
277
747
424
520
748
36
929
19
593
935
912
209
309
81
132
641
911
102
250
713
111
314
90
320
256
199
88
640
656
426
296
286
173
720
158
921
109
87
941
702
374
205
263
683
638
395
676
550
850
279
615
961
593
57
634
202
256
74
842
265
501
138
551
26
211
709
300
320
148
593
374
523
798
637
558
789
385
587
339
235
866
306
548
459
363
534
13
971
609
208
236
462
346
787
840
909
848
140
581
997
733
955
872
884
945
782
673
330
369
364
917
587
670
465
399
385
0
412
356
961
620
593
775
319
732
967
580
581
460
162
930
545
117
154
429
62
936
454
744
658
818
661
245
840
127
644
225
479
57
582
792
29
175
567
700
907
886
281
840
346
443
122
892
560
276
321
975
213
128
719
871
298
381
116
491
860
113
716
339
522
650
131
551
177
50
604
437
936
885
277
635
328
400
527
240
28
200
567
241
328
287
464
627
20
933
118
880
46
186
219
568
189
702
471
366
104
75
803
392
960
433
27
640
185
906
233
213
107
800
807
435
87
271
414
107
204
884
339
250
423
910
170
612
964
642
978
68
69
134
813
382
919
192
374
104
99
607
317
558
408
124
345
847
748
112
307
952
996
646
555
771
909
77
735
873
71
66
294
141
200
107
523
119
651
897
575
102
857
892
660
265
369
6
464
117
118
123
421
466
770
328
590
679
406
325
904
477
391
198
618
591
657
493
62
309
743
637
763
600
882
424
217
603
782
681
72
900
805
493
718
927
174
308
958
580
634
862
57
25
413
28
969
70
521
383
731
616
373
495
216
607
919
433
210
701
467
634
953
624
479
671
903
653
332
861
233
966
75
643
343
488
671
664
911
544
48
642
161
773
137
729
380
408
163
590
461
982
224
414
606
703
438
509
709
770
722
942
736
797
585
431
638
608
96
549
505
496
191
666
269
681
395
649
89
910
591
551
892
167
317
850
870
755
711
579
525
433
874
613
583
811
397
573
420
493
122
925
989
665
943
610
698
690
259
788
601
850
691
845
369
8
48
591
116
759
523
993
545
397
959
128
208
356
701
980
201
175
257
542
192
552
152
891
243
763
679
196
965
722
393
334
730
441
925
198
553
448
192
98
845
151
226
406
859
279
738
60
806
348
602
998
900
106
889
143
869
920
691
834
642
85
168
725
878
93
923
431
894
467
881
91
970
459
497
829
738
588
241
544
936
195
543
836
301
784
332
170
705
23
356
347
460
524
72
339
970
348
122
864
815
4
955
786
463
805
967
554
393
209
450
681
404
345
517
58
130
849
228
835
225
585
534
685
461
607
24
783
955
499
647
122
503
955
260
318
112
228
224
857
437
675
538
193
20
407
251
150
609
832
337
834
769
872
519
230
831
896
14
138
395
13
260
250
320
521
920
432
749
145
289
538
820
179
83
192
587
687
343
196
519
32
382
288
904
901
870
735
149
236
873
896
250
486
498
570
7
419
355
108
564
996
998
736
176
81
928
115
120
623
663
639
656
45
279
560
298
502
648
448
738
873
696
340
359
195
263
366
966
618
826
530
966
824
618
494
258
546
609
378
522
624
370
178
669
1
90
320
855
738
768
594
964
816
286
323
11
549
42
329
519
868
211
486
45
829
980
303
728
942
33
250
566
755
428
236
757
870
556
964
961
676
558
925
844
197
248
208
746
642
537
618
511
749
456
908
578
436
563
306
378
596
908
297
704
688
533
813
559
441
777
520
469
688
797
665
885
45
873
983
40
411
601
551
160
57
811
90
846
374
749
576
322
657
873
378
698
758
191
257
551
969
129
372
657
926
38
894
323
911
877
363
322
831
266
834
240
77
277
86
803
26
663
478
35
888
856
733
647
48
342
550
17
471
923
26
397
961
920
721
872
797
436
547
628
703
733
869
780
10
307
936
36
322
414
424
211
270
509
210
318
852
760
687
323
683
713
73
644
633
146
869
783
582
416
763
637
149
632
770
512
292
706
548
614
120
324
177
390
834
387
61
686
148
748
361
183
462
786
180
447
284
49
230
219
817
994
856
966
978
626
830
270
332
731
237
804
55
766
195
241
154
608
279
654
356
641
189
170
779
369
618
416
418
848
635
235
194
843
554
173
470
384
795
154
115
384
959
523
151
506
764
657
114
44
663
822
37
852
993
168
222
963
584
992
163
219
228
358
63
134
883
885
870
30
391
338
415
702
861
918
208
977
575
674
21
238
849
410
90
842
579
664
157
163
657
320
735
237
678
798
723
913
35
593
944
426
283
711
129
496
629
689
474
204
716
847
794
565
258
236
759
837
901
916
0
558
236
735
147
267
885
870
532
272
815
476
699
99
187
180
947
168
221
421
724
937
269
518
854
879
107
613
716
8
881
68
918
470
156
65
89
393
287
621
666
102
98
717
553
637
897
501
806
470
274
882
408
543
401
262
774
508
228
490
868
109
911
786
579
419
203
668
812
842
290
478
944
740
195
850
729
444
351
535
915
977
418
675
521
171
289
647
31
517
138
899
627
401
37
558
820
592
579
632
434
869
463
730
961
10
580
690
807
283
578
74
261
348
749
134
519
38
781
902
908
271
153
535
24
190
445
844
134
24
829
568
245
644
650
206
654
583
249
813
866
827
887
479
175
988
965
46
379
99
948
287
722
101
822
747
643
619
943
777
644
124
697
889
768
347
448
775
282
697
588
501
876
828
980
403
816
298
449
547
397
749
834
119
202
8
866
845
628
162
974
624
286
23
513
55
722
313
182
5
362
770
506
238
950
838
641
119
136
442
666
533
191
501
5
745
861
223
590
489
385
916
113
672
291
979
79
14
292
261
19
7
383
877
597
334
715
239
805
852
33
471
737
577
324
94
322
186
318
265
675
55
533
141
79
825
120
158
839
764
771
210
771
155
87
721
841
802
312
646
6
345
469
96
922
794
190
597
980
860
214
7
916
747
500
995
572
620
506
763
737
629
973
860
136
60
581
977
215
893
975
573
591
445
669
865
591
860
462
923
72
676
282
988
424
783
336
348
755
194
112
492
823
85
705
960
498
638
289
65
532
265
638
123
62
308
988
653
520
803
928
592
831
210
933
607
993
269
956
749
815
420
593
638
857
650
950
707
289
240
772
821
857
411
296
919
71
636
924
943
791
852
535
623
414
468
230
408
89
538
509
904
310
454
895
168
105
845
875
394
85
0
567
942
763
863
213
834
851
137
777
643
341
664
618
756
485
200
516
574
91
377
831
401
831
726
569
936
923
797
682
9
797
249
303
560
464
869
394
316
358
523
311
700
539
281
808
24
481
676
951
572
53
134
974
884
212
895
173
135
692
855
496
489
105
800
49
921
669
795
237
27
670
900
79
210
181
239
586
15
915
889
587
320
375
913
205
587
809
730
723
853
585
219
343
42
371
392
964
392
540
553
772
562
806
203
772
339
443
711
354
710
952
294
31
680
559
588
267
720
318
342
574
255
914
917
298
285
661
614
30
553
519
154
116
325
357
240
17
152
303
723
863
256
17
894
288
929
482
555
649
152
898
223
407
164
492
57
801
506
23
831
59
543
985
175
220
695
768
237
847
71
961
710
679
330
956
967
611
790
523
261
942
773
836
702
289
681
759
90
187
135
274
598
678
259
126
250
954
894
840
802
317
153
864
997
483
821
964
447
611
839
708
906
964
896
960
253
577
719
696
116
206
970
67
884
229
193
487
536
439
327
690
756
480
906
753
315
727
70
762
691
261
822
949
226
719
909
831
648
980
527
765
187
849
184
423
79
377
910
967
816
237
9
572
717
915
678
33
995
748
147
686
9
970
987
587
689
896
419
337
876
298
454
63
148
638
487
579
367
749
898
535
987
907
108
56
174
138
89
169
886
237
207
247
559
194
835
248
90
606
937
319
256
744
734
404
734
573
335
102
323
585
989
310
492
97
366
19
587
808
188
473
397
748
721
956
942
908
556
385
514
493
56
770
589
790
527
324
716
214
778
39
800
767
701
644
217
67
663
804
227
204
630
976
952
703
932
246
611
488
983
477
334
39
599
923
182
126
599
898
693
377
289
493
497
990
137
66
409
153
870
637
709
852
613
661
555
898
259
166
738
595
995
72
986
595
348
168
721
947
418
414
677
707
259
526
697
749
592
459
902
814
96
611
667
61
624
222
311
235
741
50
830
736
122
817
331
822
337
405
770
756
171
799
815
783
325
865
532
917
324
786
731
772
397
750
833
373
325
145
608
66
195
791
154
669
608
838
844
297
595
614
405
118
765
221
901
90
86
433
359
762
219
90
534
968
193
719
341
518
864
302
936
411
93
90
433
53
280
277
350
875
243
756
994
8
329
895
450
767
681
809
529
252
251
63
221
444
782
914
962
999
216
898
762
309
341
195
362
621
824
65
849
67
821
843
427
150
90
877
917
123
686
798
376
938
861
597
734
995
511
49
994
80
947
757
389
640
304
104
614
129
521
463
548
342
306
976
844
748
853
113
872
892
911
248
830
124
197
916
471
60
965
818
140
265
927
882
905
231
338
519
712
859
982
261
553
640
237
397
741
442
862
613
334
125
861
516
601
410
433
72
470
750
890
611
15
817
493
273
401
183
144
465
42
479
726
595
119
315
344
860
758
558
825
444
683
38
961
636
448
746
708
919
496
951
882
512
120
375
137
873
910
281
339
952
760
65
899
232
733
243
444
843
801
270
287
836
308
600
824
757
346
532
28
843
835
910
707
308
637
844
181
547
125
520
499
238
938
398
470
671
993
914
866
146
184
153
334
845
754
158
602
452
42
982
295
878
892
354
186
529
550
719
76
28
240
927
266
530
677
736
553
22
650
419
168
187
572
854
32
678
12
986
131
54
968
778
284
860
485
822
741
35
542
169
63
134
96
329
664
125
417
217
147
420
988
667
607
912
521
991
591
533
329
74
939
297
852
576
509
689
398
602
725
292
771
140
426
219
470
442
344
239
659
843
659
999
510
618
912
383
961
503
268
290
929
207
939
133
135
800
823
886
402
548
178
173
688
957
744
510
399
88
102
411
283
113
410
145
732
322
528
45
177
796
688
106
356
627
240
843
428
63
729
830
963
908
356
3
865
100
514
616
541
968
27
824
81
438
322
165
760
850
211
290
999
899
396
707
878
988
550
306
51
280
489
366
188
845
370
405
297
236
21
838
204
49
15
285
839
689
451
951
539
662
241
890
913
990
597
791
978
148
450
30
428
291
396
968
488
118
725
785
354
746
976
558
147
343
844
338
32
647
290
923
309
883
814
574
873
411
717
852
911
167
234
339
458
982
659
298
101
384
84
807
483
412
366
630
755
562
969
787
209
611
62
870
494
876
796
720
640
513
572
551
33
806
243
843
140
902
142
593
287
226
401
770
638
767
752
745
681
73
884
242
36
946
464
531
175
260
251
815
773
175
366
158
333
609
2
473
864
144
67
151
722
468
273
712
587
25
457
620
451
341
862
487
639
326
370
814
938
621
981
63
148
700
222
481
309
224
307
173
720
726
676
442
194
949
506
133
327
963
105
778
656
967
617
647
645
988
814
583
961
795
998
110
495
220
943
157
796
250
682
516
976
359
310
522
660
168
7
339
483
112
117
491
431
87
139
428
75
953
11
36
748
10
498
244
582
442
753
379
44
435
247
373
794
910
247
807
430
255
146
914
719
616
405
151
703
544
579
778
849
943
166
598
305
665
194
239
459
947
618
503
382
218
228
529
480
476
336
910
731
834
824
450
450
582
953
153
126
885
283
976
828
450
926
485
467
472
724
926
419
695
781
153
265
10
34
745
486
722
7
569
557
184
371
7
766
325
513
244
562
796
220
390
598
498
227
417
970
951
695
741
646
829
247
911
839
281
8
677
4
16
598
913
552
969
920
318
646
785
914
208
934
487
950
532
985
177
302
308
481
997
49
127
826
296
391
17
930
399
46
934
767
644
847
319
966
119
989
964
257
904
525
191
391
475
75
728
5
377
36
486
727
86
965
553
734
356
923
664
756
969
950
523
966
149
195
932
621
184
896
878
440
421
421
831
249
496
560
606
226
596
444
305
34
761
858
769
118
133
785
226
103
736
101
69
237
296
353
858
833
249
88
273
23
509
457
624
358
369
582
936
317
378
241
352
139
451
473
257
585
610
835
688
698
937
109
936
585
462
794
770
63
883
396
438
744
205
62
102
574
996
38
891
374
279
595
514
83
420
123
668
383
311
708
81
600
817
17
185
631
164
308
694
399
56
133
143
261
547
246
835
544
284
78
270
916
26
136
999
798
260
19
181
571
727
263
171
896
632
708
527
148
368
221
547
424
706
691
685
254
937
872
150
573
951
772
841
329
909
192
127
169
211
661
92
938
276
615
834
908
323
713
57
692
935
956
116
993
647
154
247
936
26
749
510
329
522
703
658
783
896
138
952
459
799
396
398
75
11
584
335
334
298
744
378
585
701
847
578
700
1
178
637
379
279
499
709
153
554
719
936
450
857
888
910
8
636
660
435
647
596
123
334
246
219
64
831
272
911
762
973
264
940
962
644
571
461
705
725
15
776
661
818
634
902
80
994
538
740
430
186
688
905
872
935
124
936
118
397
848
880
370
464
172
684
460
744
145
517
821
512
294
482
682
280
384
762
274
275
854
56
813
543
313
685
830
438
621
948
835
821
181
557
638
353
241
98
449
738
968
270
250
262
753
933
542
489
47
168
764
902
577
929
445
890
614
275
328
588
575
515
761
756
72
399
462
665
850
911
403
818
182
6
432
287
291
974
128
338
494
245
592
423
174
389
314
141
16
994
729
592
510
842
348
934
242
810
952
444
74
355
614
608
713
46
895
4
20
375
695
866
620
287
290
147
677
956
288
693
950
369
637
812
211
986
99
805
148
51
601
222
758
215
182
472
261
77
828
633
805
523
500
425
163
142
924
840
98
212
885
48
933
523
213
145
861
312
302
361
715
904
936
473
119
118
297
381
196
126
14
1
1
866
778
164
8
703
356
106
267
594
507
201
117
72
698
330
384
0
691
451
256
627
276
376
746
574
109
294
52
475
647
53
694
425
570
702
480
278
161
748
872
20
301
341
92
999
671
828
351
363
279
608
990
555
336
736
481
797
30
533
624
677
939
318
455
861
373
935
139
534
35
12
906
336
353
998
687
377
826
39
740
105
999
730
12
335
819
494
484
201
379
108
231
318
427
686
179
152
973
671
686
361
35
592
49
740
942
737
117
768
128
857
225
127
940
237
814
111
731
298
312
111
758
543
781
537
581
313
689
555
984
375
268
19
319
317
111
261
54
229
381
534
438
606
661
730
196
827
841
279
477
506
742
236
49
524
773
983
837
463
890
173
190
158
544
862
475
655
475
882
884
857
416
675
815
78
405
11
905
247
291
383
753
33
971
154
557
744
489
746
559
379
271
102
537
815
964
13
471
439
895
707
648
311
382
464
741
140
475
999
387
766
734
492
800
705
998
709
801
488
808
713
867
79
815
757
895
779
122
718
570
369
777
219
32
512
683
774
652
510
125
391
277
211
235
429
268
233
138
69
73
298
134
293
378
949
50
273
80
524
343
651
893
120
222
925
632
905
51
636
767
176
27
44
739
614
825
7
200
964
429
273
262
563
918
992
513
320
617
593
844
960
596
737
433
818
15
417
75
66
54
843
595
433
239
334
48
65
342
248
381
771
873
995
334
792
988
199
112
605
145
957
566
741
46
351
560
61
768
987
128
822
830
75
256
70
409
656
135
103
256
516
874
129
511
561
921
851
112
34
457
257
343
375
999
389
726
911
451
494
898
931
669
81
6
277
503
415
933
990
519
189
506
745
318
369
658
592
221
771
626
30
380
969
405
731
710
483
642
161
977
893
92
998
326
98
275
829
866
208
819
737
749
677
834
68
398
493
660
971
616
638
1
996
959
758
80
669
593
722
183
923
967
627
921
293
78
197
474
944
405
645
33
507
322
867
575
73
712
587
44
680
577
398
29
888
508
109
909
102
183
444
25
151
72
298
796
150
495
623
446
253
268
479
760
943
346
687
368
411
626
412
91
555
162
472
443
23
581
704
477
765
149
854
268
221
152
416
371
648
39
817
253
660
296
13
603
994
52
971
757
678
735
201
233
250
673
28
273
607
732
102
372
881
956
992
102
108
408
825
108
800
642
361
460
290
726
63
637
778
386
746
808
473
947
393
723
973
421
348
580
154
450
304
387
758
296
490
867
56
667
327
856
662
41
668
952
767
83
941
898
469
40
58
295
987
452
18
312
225
719
892
731
521
548
119
280
196
961
147
253
628
826
461
290
867
130
595
635
213
888
885
35
928
943
330
916
747
700
580
973
419
473
56
293
21
175
573
218
136
72
823
765
898
284
407
766
766
2
753
980
891
990
367
819
285
697
87
33
749
668
358
521
493
414
814
866
590
387
84
78
459
259
195
709
544
603
827
662
605
580
994
848
922
361
20
208
410
459
241
160
127
599
681
972
365
495
839
307
234
275
386
45
535
581
754
431
536
582
93
494
514
440
342
437
801
714
997
212
174
238
372
653
189
405
626
554
900
817
214
134
92
600
179
979
533
285
762
70
219
856
564
86
296
258
875
449
973
872
13
499
462
737
152
651
142
130
557
42
947
771
528
392
723
59
371
257
697
134
679
916
342
595
2
990
853
229
791
178
101
805
29
563
542
182
566
685
664
476
79
612
599
960
356
323
371
79
932
68
565
611
985
259
206
339
249
411
569
393
942
22
198
971
938
92
505
504
129
170
332
561
134
932
521
490
255
892
921
539
313
487
150
650
746
708
989
348
119
910
741
413
285
291
737
223
383
242
79
865
764
412
426
250
696
947
92
951
191
14
490
504
501
992
154
599
700
496
947
171
758
688
585
43
331
322
618
67
916
698
932
681
462
358
283
158
657
376
461
848
390
951
705
243
295
859
842
995
707
790
166
466
830
103
861
514
425
480
581
342
178
513
375
640
871
658
798
528
34
259
728
776
562
433
19
209
645
214
556
704
356
722
170
186
178
32
52
603
864
633
297
42
498
24
34
369
683
184
249
69
795
330
846
709
115
217
918
760
783
474
465
139
548
987
678
726
371
730
682
235
364
331
629
862
356
663
584
39
847
185
108
994
867
306
703
983
876
973
95
659
447
912
151
348
252
829
426
623
559
108
211
275
440
840
490
148
504
426
187
703
963
647
50
183
306
753
166
182
727
613
193
526
526
344
874
778
173
653
401
85
761
964
712
553
805
554
53
661
332
240
364
648
240
766
831
898
520
997
80
599
610
625
477
488
970
704
266
495
357
20
932
470
984
997
24
789
551
77
802
236
670
519
884
262
285
715
160
157
64
592
756
674
569
586
163
539
290
781
387
647
153
319
117
138
316
493
279
220
923
82
456
945
601
340
559
238
55
71
396
119
663
152
145
232
90
660
124
380
794
511
379
947
182
497
437
851
342
717
71
617
151
527
562
104
219
473
342
626
544
738
97
559
243
594
144
333
255
268
714
401
131
93
348
665
942
786
516
637
855
939
254
6
818
169
110
37
994
804
15
539
543
112
98
138
707
242
471
314
862
537
715
993
983
63
11
277
201
527
914
56
467
521
62
285
42
524
675
36
329
690
575
224
155
26
362
862
268
833
528
131
723
595
476
706
10
487
983
212
367
250
268
186
123
683
823
165
559
498
553
888
541
481
464
696
507
826
910
127
12
438
610
735
33
87
793
395
926
776
607
645
378
228
831
501
263
655
18
822
505
924
63
46
405
527
94
264
706
4
391
718
794
2
805
179
441
598
575
719
726
182
365
105
762
548
958
25
555
977
848
61
901
911
459
658
790
554
274
496
558
665
214
353
19
371
884
812
969
459
532
696
994
249
801
756
797
111
782
353
88
982
766
341
245
225
351
35
131
625
884
690
643
450
395
14
822
279
827
791
91
711
839
85
312
992
841
461
104
975
166
544
309
932
886
554
510
589
942
641
567
826
683
210
276
430
576
98
710
755
242
153
818
81
238
130
74
431
592
178
759
758
722
68
43
960
623
553
550
917
194
469
743
878
679
371
308
607
470
370
363
64
523
181
145
113
312
571
545
256
749
656
14
824
724
57
136
699
610
686
616
157
155
359
387
186
731
47
794
553
418
157
969
293
690
114
759
2
38
656
610
787
312
625
963
36
34
100
736
997
138
704
506
646
64
893
184
147
940
978
52
710
487
21
356
178
487
115
532
525
771
143
665
83
120
980
471
506
80
559
503
571
264
361
217
328
254
401
827
547
732
231
257
571
604
965
749
91
80
634
969
203
129
986
638
601
966
110
459
399
669
315
970
933
676
539
613
931
940
792
478
672
23
87
596
627
53
345
71
485
331
392
689
812
730
327
765
696
437
225
447
459
540
769
392
216
308
6
499
601
150
329
625
174
417
221
153
822
919
576
307
602
968
348
415
698
676
532
747
465
757
546
276
297
316
669
866
976
27
365
577
177
695
203
703
464
424
857
286
695
433
945
298
754
646
713
804
322
245
551
139
355
450
416
4
766
437
870
94
816
588
672
993
283
227
49
99
3
906
737
699
691
682
997
445
680
710
250
2
307
153
494
14
603
262
19
721
699
889
816
515
477
840
860
112
67
909
211
70
167
948
769
859
983
118
304
663
828
906
18
488
60
864
502
15
126
873
737
177
763
905
692
592
745
904
705
164
814
268
586
981
569
708
192
552
826
497
567
7
403
937
495
815
801
349
831
927
223
920
104
338
825
148
930
922
405
987
438
219
608
24
552
177
732
745
81
911
594
648
918
349
586
765
165
739
114
348
19
689
268
475
379
445
624
310
719
29
649
509
600
257
533
504
786
618
249
867
529
195
516
799
545
454
564
62
545
30
762
564
720
30
40
99
827
664
761
898
45
763
407
997
372
292
501
159
910
103
26
791
298
894
590
195
700
154
609
246
185
371
810
257
753
850
708
580
866
822
830
263
585
237
260
309
530
114
468
792
217
847
936
867
741
878
63
442
33
672
40
570
44
850
179
149
53
239
730
271
61
912
535
998
150
147
308
32
261
776
176
478
623
112
346
717
343
761
511
728
785
551
650
181
753
829
331
806
68
413
430
482
325
965
480
827
112
140
211
374
917
388
204
892
852
902
961
195
15
472
923
801
375
573
982
129
754
665
287
175
78
717
657
404
34
137
583
499
278
795
873
547
535
429
791
387
684
105
935
699
929
210
500
305
136
835
786
890
500
73
65
931
143
74
335
529
212
270
28
842
65
253
741
600
683
884
340
367
989
275
66
919
837
919
576
973
754
362
864
606
787
281
537
282
356
224
812
920
495
840
114
912
94
207
865
129
91
205
496
433
832
914
704
669
185
632
643
291
994
507
898
133
140
787
416
496
364
228
416
211
68
882
123
514
89
988
643
181
545
491
966
377
758
22
47
943
654
42
587
0
901
485
133
41
624
549
890
988
129
306
199
198
189
675
64
630
663
708
811
561
551
129
938
309
503
337
605
157
379
192
157
632
29
291
674
653
192
564
994
322
222
193
872
763
220
936
394
884
996
557
797
900
39
735
561
542
425
166
700
156
710
209
789
739
852
815
745
397
731
739
719
305
284
943
421
505
879
167
741
228
724
538
128
115
625
41
658
402
208
710
559
918
271
700
10
124
515
755
873
598
846
592
903
130
535
676
987
766
843
728
346
920
618
826
35
596
868
45
998
76
107
557
346
379
257
356
855
124
463
728
74
309
672
330
440
207
6
779
325
850
860
672
122
478
850
157
426
718
555
425
146
662
334
845
393
944
201
248
68
665
328
495
326
0
825
766
559
183
546
237
33
406
261
507
236
111
665
663
830
572
440
328
234
774
173
628
718
727
228
139
744
557
634
70
909
811
189
469
994
87
58
380
845
319
887
433
430
904
448
612
476
888
293
711
663
466
691
733
545
919
224
641
828
858
64
90
21
605
911
16
692
969
748
889
288
635
322
718
540
771
331
16
11
624
79
26
442
770
760
340
42
984
981
870
195
397
960
216
2
871
584
694
840
332
935
480
320
258
199
860
381
882
876
392
858
308
419
300
78
179
992
120
515
326
343
62
723
655
631
726
879
567
772
71
900
708
552
220
966
751
432
699
985
660
91
843
968
862
143
47
393
488
519
909
814
862
971
537
870
954
263
749
522
388
820
422
96
724
994
414
827
426
113
812
86
556
655
55
419
151
454
812
639
973
73
453
188
397
342
58
351
606
159
873
346
331
647
442
56
993
208
883
419
673
696
858
229
703
265
0
854
71
813
493
396
886
298
584
283
641
994
987
599
505
860
945
189
508
739
245
501
947
480
273
620
528
483
201
232
100
202
438
171
15
284
919
253
582
504
889
575
850
876
174
708
88
471
897
948
210
142
802
509
974
427
481
855
910
683
439
362
885
877
885
252
161
804
857
96
660
98
23
511
326
198
219
415
21
116
363
584
610
165
93
936
944
575
791
854
610
230
568
847
460
453
451
973
258
660
69
918
759
93
781
85
643
0
500
16
468
216
600
430
733
46
367
678
621
158
884
583
741
453
430
201
258
233
526
516
893
596
787
652
41
568
90
36
921
942
52
741
158
653
172
244
699
539
274
672
49
158
607
142
963
389
695
222
622
222
90
515
170
229
520
211
798
610
599
71
552
651
164
63
656
336
307
707
227
581
379
629
91
338
123
55
727
819
629
701
41
719
217
211
949
89
774
99
699
373
522
603
376
686
666
33
375
325
740
954
906
472
935
998
810
59
405
890
230
34
591
623
753
160
186
54
249
960
153
300
685
675
904
61
714
922
446
441
248
539
395
506
363
683
856
173
742
261
415
972
647
7
595
401
167
781
807
769
93
961
69
130
988
325
543
54
248
990
495
848
881
243
354
244
926
563
769
20
824
185
992
472
544
939
225
63
72
32
832
517
345
254
647
686
931
190
92
531
532
588
379
413
183
86
657
109
649
427
129
473
964
473
297
508
764
874
571
188
907
404
705
604
10
704
642
941
894
735
473
779
675
852
192
858
290
202
319
939
981
800
765
297
273
414
805
389
289
376
577
548
132
282
504
494
986
147
436
232
882
909
11
909
113
556
767
756
110
86
695
443
886
812
740
511
227
545
900
868
273
829
416
758
463
920
252
449
67
40
33
301
301
397
210
415
305
329
523
415
415
218
210
653
383
950
516
610
847
768
478
472
597
246
582
60
166
835
861
586
227
895
887
529
644
450
296
949
779
819
716
547
389
926
552
772
228
69
382
427
837
212
899
787
458
482
847
977
669
61
563
896
956
802
777
952
252
73
901
384
244
617
931
634
895
483
406
123
904
141
550
94
353
801
881
164
635
80
141
656
141
56
905
449
858
682
401
463
756
654
199
0
623
130
986
518
965
393
993
222
534
895
316
239
697
549
755
684
629
248
341
123
304
246
924
515
928
326
330
36
332
529
389
956
11
375
826
976
120
820
198
6
715
866
598
764
415
353
449
397
954
142
520
610
388
444
477
668
122
807
57
455
688
798
763
699
525
589
28
646
409
578
652
477
797
602
241
212
956
42
609
262
184
481
872
924
278
350
945
400
157
2
207
198
800
322
897
325
912
277
323
673
208
976
150
5
930
744
217
886
138
179
148
675
660
373
951
938
723
896
691
880
898
250
430
50
573
328
376
837
957
699
510
165
27
13
170
958
109
388
196
247
919
697
274
931
70
226
870
793
122
913
25
373
163
456
423
88
136
799
925
93
851
788
611
230
801
781
188
262
521
737
861
440
434
136
372
856
714
594
1
188
859
378
561
374
834
985
463
322
136
740
768
339
528
379
570
681
512
758
943
34
847
157
474
633
293
198
489
359
144
490
547
3
221
109
378
55
446
193
730
582
285
498
922
166
229
844
847
741
602
143
775
802
300
602
435
945
152
925
656
297
767
203
652
988
312
382
396
110
927
478
45
213
328
967
379
557
163
578
650
117
73
778
919
725
732
355
22
884
632
678
533
399
882
538
740
546
272
488
657
200
966
702
413
294
21
144
203
184
74
853
301
148
983
573
873
715
928
896
952
560
926
837
311
808
727
51
707
0
891
716
200
857
770
965
503
791
109
706
327
535
912
980
683
895
553
909
963
833
157
267
393
83
104
57
244
832
460
303
832
352
19
384
209
789
349
65
932
810
771
259
345
35
591
381
283
145
290
598
978
799
865
724
882
321
781
478
153
241
781
337
593
152
73
155
941
422
220
873
584
343
484
282
379
428
663
14
573
305
612
903
456
477
979
690
798
112
169
304
354
302
993
299
455
67
806
748
841
26
974
426
722
458
60
453
886
75
467
811
732
79
67
188
556
398
878
706
511
47
362
217
702
356
868
157
775
675
257
616
53
231
394
775
42
454
228
280
881
47
92
613
126
511
801
34
909
680
93
772
79
455
989
781
811
858
290
586
533
548
555
938
131
301
714
173
756
294
454
637
342
898
603
820
409
404
207
670
84
300
795
516
755
784
297
919
994
940
857
527
840
764
818
971
66
884
145
174
530
599
163
872
849
766
45
258
171
604
280
607
904
75
123
11
212
773
282
206
713
492
86
553
256
904
524
322
788
669
496
318
620
12
543
469
778
940
79
949
544
712
909
800
139
32
811
351
805
446
558
870
938
644
423
194
900
300
869
40
321
717
358
942
729
253
763
860
193
843
161
89
907
70
889
46
455
53
398
612
499
308
483
437
952
258
983
204
558
204
244
880
274
954
174
355
208
937
215
753
132
377
843
39
799
84
86
254
137
484
867
636
792
702
425
96
960
409
652
871
965
896
751
239
202
277
595
762
214
810
516
347
539
711
738
339
147
824
945
285
660
812
921
804
866
699
252
827
460
904
698
425
152
801
17
355
78
612
117
644
774
985
343
666
696
82
357
196
906
302
481
567
467
754
723
333
453
976
512
913
880
562
691
33
363
708
740
793
320
857
790
446
843
133
112
891
215
469
87
474
124
920
41
591
675
116
924
480
92
437
746
973
351
437
358
715
145
98
860
817
307
650
615
502
784
80
746
