937
839
951
637
338
375
708
974
328
877
406
364
385
917
166
492
243
780
842
857
522
289
139
466
789
946
957
405
428
222
850
717
413
802
354
752
529
415
726
857
644
485
573
29
402
739
522
645
871
364
855
394
5
994
212
795
293
521
552
721
743
403
438
157
557
145
261
438
560
987
295
204
472
869
234
226
608
108
872
832
824
727
578
830
721
790
977
366
312
529
87
407
284
526
564
841
23
177
631
935
165
927
491
989
148
77
216
108
185
440
940
10
519
518
840
592
309
817
959
973
346
46
732
631
924
297
824
299
826
456
234
343
735
726
333
883
803
901
991
989
693
932
999
212
802
191
156
111
8
115
436
706
514
169
337
438
818
514
738
644
322
972
988
57
50
673
940
854
926
283
843
619
215
194
183
18
385
339
481
745
455
270
451
969
439
141
759
609
7
849
253
329
174
593
386
224
618
678
78
544
961
273
515
529
819
50
899
556
390
380
301
197
650
105
518
441
598
629
50
957
479
656
286
5
249
24
229
220
54
660
764
15
285
632
896
105
682
795
13
72
528
667
621
178
772
139
972
722
769
374
679
600
30
317
605
632
693
186
852
747
846
968
762
484
600
11
941
283
806
954
707
334
621
329
865
745
820
837
819
589
211
498
541
594
167
146
226
860
333
78
607
531
46
722
15
999
733
956
282
539
263
341
226
884
670
91
982
491
280
801
432
843
652
974
437
819
472
663
32
157
93
639
689
492
713
56
843
798
365
125
690
628
466
916
864
489
359
198
332
639
0
764
482
4
90
272
823
915
287
207
72
381
847
761
225
912
170
68
711
535
545
401
515
363
669
379
852
28
578
184
19
930
301
501
934
743
773
109
658
61
317
731
794
516
844
371
428
14
791
491
549
336
244
64
699
265
796
904
293
726
440
312
8
93
166
942
837
291
403
495
352
720
578
498
588
423
869
369
437
660
860
339
348
457
755
400
722
903
304
368
981
96
32
989
190
198
283
27
842
687
874
194
407
805
45
996
228
914
365
17
927
577
708
627
386
816
27
109
719
683
829
701
780
861
690
322
412
974
701
254
13
575
800
420
732
845
768
960
112
485
330
391
415
390
18
801
206
46
262
926
81
91
979
861
305
669
183
69
995
884
323
8
812
475
781
544
321
901
857
785
387
539
176
154
929
194
307
488
592
570
414
674
13
393
887
318
414
423
739
410
307
62
770
471
538
551
368
211
453
225
996
192
116
172
698
397
718
5
885
663
575
651
337
941
44
576
611
811
999
351
573
659
413
343
130
303
247
850
866
700
75
862
244
543
386
942
941
457
947
178
120
875
830
809
168
226
385
779
37
737
130
610
396
896
306
878
551
553
729
418
605
156
632
201
700
19
143
993
476
442
171
948
669
1
109
837
228
494
969
617
583
99
580
979
347
886
858
899
791
587
669
396
95
301
597
795
320
92
788
148
886
312
448
908
665
557
97
893
404
66
863
987
166
443
319
865
681
177
764
472
116
433
220
211
87
169
359
407
613
499
908
499
811
356
759
477
266
857
722
670
923
937
657
441
380
976
307
413
505
423
885
973
209
105
537
296
626
896
55
239
395
315
91
559
672
850
388
938
59
462
960
983
400
969
776
132
946
435
546
803
211
431
777
772
889
314
420
515
562
475
107
957
143
198
868
815
48
608
105
108
71
65
443
471
34
219
955
332
7
501
488
218
285
617
342
526
283
762
393
845
589
500
154
732
698
23
899
747
631
4
207
54
421
2
877
808
573
833
492
580
686
980
150
971
949
492
497
232
254
891
77
844
391
584
928
442
959
828
541
942
184
748
997
958
750
874
766
323
707
610
256
394
943
406
717
892
251
567
125
857
810
554
53
201
138
982
995
97
810
536
40
346
284
37
304
386
263
70
62
323
33
318
69
976
76
786
868
679
705
993
537
515
900
590
69
38
572
64
488
734
601
528
81
885
917
385
624
180
808
686
503
841
356
924
817
784
711
685
464
416
31
1
284
931
591
353
321
516
417
809
250
18
689
331
256
606
69
880
139
877
918
994
70
274
919
887
410
982
924
874
750
307
227
34
590
171
387
912
687
805
73
937
823
763
621
79
369
42
311
508
271
229
503
341
855
422
580
266
756
856
492
506
164
720
541
754
243
928
18
930
85
92
219
261
855
192
340
576
234
4
437
505
233
940
846
441
714
778
707
470
635
551
328
151
623
869
905
866
150
276
796
235
368
16
496
575
208
189
503
795
193
940
300
778
232
499
219
298
277
278
