777
193
825
116
720
202
11
414
69
57
18
392
151
482
143
260
52
354
327
814
850
707
791
394
529
872
267
553
274
793
606
403
339
432
520
411
986
883
825
55
941
844
800
444
678
295
705
731
650
32
897
852
91
688
599
620
912
866
526
186
11
132
942
350
916
462
761
902
345
939
310
638
135
110
83
813
405
140
896
407
524
793
612
616
481
211
588
393
77
114
932
440
599
874
791
867
688
904
770
33
195
432
672
330
542
107
144
299
599
392
707
123
186
671
739
19
882
328
413
311
794
697
751
745
923
894
613
611
799
735
996
346
167
20
677
61
127
173
360
726
565
419
202
751
90
941
123
972
621
888
283
768
585
387
513
860
281
478
471
432
213
467
779
732
488
456
793
967
981
154
46
546
925
600
650
16
541
773
340
515
661
976
635
598
363
500
458
996
979
281
429
544
100
208
277
588
16
70
908
997
576
306
543
502
906
545
870
799
318
210
666
331
186
301
929
901
802
739
898
133
20
327
677
121
887
954
61
255
25
321
252
953
979
147
455
885
693
325
37
363
