966
432
923
945
167
910
339
493
480
327
474
145
841
957
726
747
80
452
108
427
704
763
168
986
397
435
31
97
91
56
534
57
488
809
354
7
720
693
852
552
372
327
49
214
636
776
313
716
580
773
495
285
536
15
623
934
803
7
383
894
415
917
951
255
726
305
262
798
350
114
703
75
793
752
289
429
880
954
497
461
727
344
98
264
360
73
550
163
80
285
57
495
202
360
102
280
17
364
431
367
831
134
442
976
886
83
758
119
389
607
580
117
952
30
733
312
103
635
475
536
920
884
383
474
244
486
754
613
850
185
980
33
671
775
362
910
210
120
29
600
727
609
69
679
639
154
343
94
789
170
630
61
406
14
535
2
500
641
615
702
179
596
88
850
723
450
760
285
922
789
885
649
750
306
681
741
460
376
836
601
547
466
662
953
832
549
956
332
191
571
35
370
519
475
220
594
925
333
880
847
122
117
848
225
424
881
966
236
258
802
838
157
621
852
110
453
402
418
138
593
342
525
315
861
0
535
808
925
220
688
124
695
805
972
920
581
206
886
818
464
41
656
621
662
860
83
467
262
502
957
207
196
482
522
409
482
410
217
759
630
257
235
325
415
560
245
996
766
484
814
230
525
822
203
539
683
286
358
945
140
316
505
336
150
27
98
985
437
315
96
420
573
332
97
988
892
695
336
658
179
151
240
56
973
443
947
656
81
305
954
574
973
459
262
124
838
360
109
276
676
557
48
601
889
145
941
133
840
277
791
371
780
383
427
754
178
374
762
260
32
716
186
5
527
448
481
366
809
942
994
837
500
42
790
389
539
83
523
732
712
666
103
493
402
883
247
580
257
361
840
641
78
26
999
605
827
480
323
636
423
317
825
275
711
615
16
251
698
891
335
410
558
438
255
960
673
502
892
931
864
733
924
294
111
923
251
290
404
575
926
179
244
751
454
956
718
470
559
768
714
894
531
272
684
786
584
358
289
476
641
505
561
917
151
25
841
402
315
597
329
594
776
926
697
582
234
416
404
793
184
118
39
715
742
75
854
678
785
495
507
778
0
420
696
503
445
537
257
113
134
939
707
262
865
756
844
99
172
600
244
709
71
283
776
813
710
630
844
496
125
351
626
477
771
322
980
569
859
590
682
345
529
741
607
394
497
803
493
22
756
737
83
827
372
859
992
434
842
836
282
967
187
909
797
959
231
129
528
443
719
562
140
248
303
100
642
152
255
487
174
11
576
257
838
300
469
831
735
311
19
369
630
207
278
779
518
862
909
398
657
628
960
797
877
615
249
871
767
505
711
294
516
287
903
707
940
372
890
27
35
909
396
666
468
27
445
986
241
354
384
898
335
344
47
564
311
649
787
79
154
498
725
22
138
628
729
78
1
971
105
36
881
501
54
349
528
852
688
121
558
72
371
893
769
419
809
80
68
597
159
574
95
884
596
233
865
326
311
866
649
768
254
530
270
661
232
150
865
920
272
423
344
643
669
113
414
478
194
834
75
705
408
523
942
357
108
807
35
772
25
684
540
631
567
162
292
799
313
157
71
937
933
415
932
602
529
699
432
75
885
508
780
294
383
722
3
491
881
38
615
906
722
156
538
289
318
182
440
983
692
511
272
625
279
205
227
160
256
659
235
141
519
367
787
254
442
790
98
323
828
713
230
903
869
120
192
540
302
985
523
994
496
796
971
127
353
198
287
609
210
874
102
81
594
890
336
36
32
434
359
861
147
941
116
369
413
308
909
716
645
432
62
142
580
34
621
285
584
261
246
146
135
349
228
729
239
564
117
623
350
477
484
497
770
952
866
184
261
127
252
906
912
314
400
492
700
374
778
637
635
24
783
122
725
11
204
316
927
321
940
277
798
776
127
921
729
993
105
342
473
357
600
385
23
353
229
76
727
359
713
714
736
848
836
461
860
40
778
139
362
718
417
512
846
544
785
575
889
890
917
362
599
870
99
623
223
329
51
950
688
764
16
424
964
852
238
824
245
16
316
607
86
733
471
932
629
257
860
518
499
129
233
99
999
684
74
222
13
125
524
54
241
540
830
205
745
68
382
990
436
698
949
874
783
772
807
412
29
19
282
881
148
867
980
148
552
406
722
917
883
247
971
476
139
154
33
236
574
415
226
11
465
175
237
600
948
44
364
329
415
999
210
564
866
542
712
770
300
786
688
183
385
11
11
525
165
45
761
740
812
340
103
630
867
340
230
167
737
947
497
152
946
59
68
812
954
132
583
254
919
623
790
304
634
801
181
800
198
295
892
11
635
347
641
854
39
223
22
128
170
519
633
116
930
701
281
884
834
216
491
105
839
633
761
473
786
943
625
985
590
869
996
577
568
989
431
960
212
453
88
383
324
721
851
255
775
484
491
961
700
334
66
891
967
827
717
106
122
694
91
712
916
439
289
484
428
73
444
640
526
885
375
203
958
579
458
85
63
301
46
116
636
464
7
955
644
76
61
118
771
504
831
687
943
472
523
371
897
320
364
424
205
91
627
515
670
437
601
86
738
999
202
726
464
561
34
460
638
95
578
409
600
761
448
895
234
971
619
131
291
335
907
848
426
886
364
449
675
317
535
766
316
89
492
780
650
526
592
288
974
171
49
926
932
849
821
518
173
792
2
816
127
909
665
554
148
381
355
823
698
890
589
366
979
434
147
981
312
739
622
286
262
23
564
195
873
386
713
46
530
715
862
658
977
879
564
477
612
271
652
310
161
242
29
492
28
528
825
340
267
447
627
882
471
191
77
344
929
142
742
812
210
956
470
539
836
386
16
448
657
668
111
170
262
140
14
290
668
839
983
287
287
610
521
758
153
598
454
435
93
548
247
655
504
69
194
340
807
562
141
464
582
604
986
197
96
0
487
116
839
470
755
126
432
277
236
938
227
690
725
320
238
972
975
95
393
521
787
200
83
928
16
666
884
2
863
332
2
702
448
841
525
204
320
309
833
908
599
60
951
324
733
541
296
60
636
689
582
424
241
17
704
257
683
589
259
898
273
613
953
722
807
830
278
127
491
111
35
91
523
986
415
256
528
712
317
516
753
899
940
347
268
645
604
304
586
216
554
859
829
507
933
636
689
563
115
181
674
503
272
550
841
39
806
721
103
475
238
209
726
530
556
995
527
512
299
465
728
853
677
910
713
610
898
402
174
366
935
200
869
559
750
62
599
909
784
702
736
374
911
463
256
819
458
784
332
109
249
60
962
926
970
27
889
221
430
415
587
717
615
456
277
718
870
228
979
6
282
715
380
194
178
637
13
988
773
697
449
22
758
412
301
80
791
190
301
221
605
888
291
572
696
920
290
567
148
621
573
430
337
306
976
867
295
342
208
68
39
657
442
797
421
743
230
213
285
531
786
890
420
77
463
468
997
105
35
497
727
961
928
64
619
904
283
914
246
491
334
286
501
128
435
922
224
665
487
509
549
274
400
321
703
863
789
53
320
177
550
47
138
478
463
109
735
747
23
333
590
709
619
91
837
407
366
61
424
205
571
973
479
323
294
535
538
436
588
858
613
138
906
103
969
369
212
704
468
587
37
411
648
9
854
837
768
220
899
192
778
822
166
609
497
812
144
35
248
732
893
213
223
151
316
544
873
880
248
693
467
637
104
467
998
959
305
766
531
204
311
309
378
829
919
227
641
415
262
242
500
507
455
75
11
124
619
884
356
219
929
176
208
34
643
207
345
948
325
228
504
636
890
234
465
161
461
459
576
75
701
76
935
508
503
946
984
122
182
341
341
111
517
550
497
160
109
194
109
434
423
965
71
313
200
888
826
661
347
402
737
48
831
24
557
334
970
893
809
152
234
502
615
751
52
465
264
513
659
725
948
82
690
371
747
242
259
573
904
607
328
993
655
511
17
564
845
339
458
6
843
44
509
458
148
561
923
412
427
583
489
375
17
531
746
117
774
357
42
30
964
370
375
972
881
744
888
79
83
698
85
926
743
594
736
891
508
660
655
935
595
144
662
964
675
760
81
801
117
124
831
434
846
206
406
728
950
294
159
385
345
244
663
88
191
400
331
51
412
986
338
7
130
0
323
157
112
405
311
229
881
142
663
727
701
421
807
3
68
966
741
413
563
404
853
106
804
184
157
216
170
847
575
652
847
899
161
959
656
472
540
889
615
556
616
668
977
776
671
397
94
412
162
657
169
15
115
973
199
624
542
369
471
469
21
318
368
535
629
376
7
522
265
974
78
234
642
407
362
666
157
456
430
319
466
599
335
581
925
534
206
467
256
677
936
629
348
657
164
329
385
172
851
3
146
281
237
141
41
599
159
198
407
941
517
873
541
204
455
818
739
13
637
995
42
925
624
390
934
141
720
320
313
923
323
811
205
912
952
246
863
463
444
270
405
313
496
298
518
951
116
609
316
105
956
358
30
932
749
965
73
821
637
386
96
312
550
301
576
854
899
439
318
695
61
723
9
557
21
879
860
489
488
176
594
444
887
976
376
988
293
450
809
930
188
905
594
738
559
170
593
458
961
911
506
375
986
515
932
359
746
145
200
234
673
146
30
560
122
758
548
416
208
709
698
749
967
293
487
526
815
432
336
777
